2002 01 01 10 39 06.82 -55.21 -129.00  10.00  6.00
2002 01 01 11 29 22.73   6.30  125.65 138.10  6.30
2002 01 02 14 50 33.49 -17.98  178.74 665.80  6.20
2002 01 02 17 22 48.76 -17.60  167.86  21.00  7.20
2002 01 03 07 05 27.67  36.09   70.69 129.30  6.20
2002 01 03 10 17 36.30 -17.66  168.00  10.00  6.60
2002 01 10 11 14 56.93  -3.21  142.43  11.00  6.70
2002 01 13 14 10 56.52  -5.65  151.07  43.60  6.40
2002 01 15 04 47 59.85 -17.33  167.72  10.00  6.00
2002 01 15 07 12 58.03  -6.31  105.20  10.00  6.10
2002 01 15 09 01 15.95  -5.53  151.10  41.10  6.20
2002 01 16 23 09 52.08  15.50  -93.13  80.20  6.40
2002 01 22 04 53 52.65  35.79   26.62  88.00  6.20
2002 01 28 13 50 28.72  49.38  155.59  33.00  6.10
2002 01 28 15 09 55.89 -15.30 -173.23  33.00  6.20
2002 01 30 12 58 19.22  -6.25  150.89  33.00  6.00
2002 02 03 07 11 28.41  38.57   31.27   5.00  6.50
2002 02 03 09 26 43.35  38.63   30.90  10.00  6.00
2002 02 05 13 27 24.67  -5.34  151.25  39.00  6.60
2002 02 15 01 46 37.85 -36.23 -100.30  10.00  6.00
2002 02 19 00 35 45.70  -3.73  150.99  10.00  6.10
2002 02 28 01 50 48.94  -5.68  151.26  40.20  6.30
2002 03 03 12 08 07.81  36.43   70.44 209.00  6.30
2002 03 03 12 08 19.74  36.50   70.48 225.60  7.40
2002 03 05 21 16 09.13   6.03  124.25  31.00  7.50
2002 03 08 18 27 53.19   5.87  124.27  23.30  6.00
2002 03 09 12 27 11.22 -56.02  -27.33 118.40  6.00
2002 03 17 19 33 33.78 -45.22   35.10  10.00  6.00
2002 03 19 22 14 14.93  -6.49  129.90 148.10  6.10
2002 03 25 14 56 33.82  36.06   69.31   8.00  6.10
2002 03 26 03 45 48.70  23.35  124.09  33.00  6.40
2002 03 28 04 56 22.40 -21.66  -68.33 125.10  6.50
2002 03 31 06 52 50.49  24.28  122.18  32.80  7.10
2002 04 01 19 59 32.48 -29.67  -71.38  71.00  6.40
2002 04 07 01 41 26.15 -60.94  154.25  10.00  6.20
2002 04 08 03 48 55.24 -51.07  139.27  10.00  6.20
2002 04 11 21 56 56.39 -14.39  167.69  10.00  6.20
2002 04 18 05 02 46.19  16.98 -100.87  24.90  6.80
2002 04 18 16 08 36.78 -27.54  -70.59  62.00  6.70
2002 04 20 15 59 57.86 -16.38  173.26  33.00  6.00
2002 04 24 11 00 00.86 -56.13 -122.31  10.00  6.20
2002 04 26 16 06 07.00  13.09  144.62  85.70  7.10
2002 05 08 05 26 00.36 -17.95 -174.57 130.80  6.20
2002 05 14 16 56 10.42 -36.52   78.93  10.00  6.20
2002 05 15 03 46 05.76  24.64  121.92  10.00  6.20
2002 05 23 15 52 15.28 -30.75  -71.20  52.10  6.00
2002 05 25 05 36 31.97  53.81 -161.12  33.00  6.40
2002 05 28 04 04 22.53 -28.94  -66.80  22.20  6.00
2002 05 28 16 45 17.10  24.07  122.26  33.00  6.10
2002 06 06 23 53 48.47  -0.88  148.33  10.00  6.30
2002 06 10 22 48 36.21  10.98  140.69  33.00  6.10
2002 06 13 01 27 19.47 -47.80   99.75  10.00  6.60
2002 06 16 02 46 14.03   8.78  -83.99  35.00  6.40
2002 06 17 13 25 56.38  -4.65 -105.38  10.00  6.00
2002 06 17 21 26 22.92 -12.59  166.38  33.00  6.70
2002 06 18 13 56 22.83 -30.80  -71.12  54.00  6.60
2002 06 21 00 05 44.85  -4.50  146.77  33.00  6.00
2002 06 22 02 58 21.30  35.63   49.05  10.00  6.50
2002 06 27 05 50 35.11  -6.96  104.18  11.00  6.50
2002 06 27 07 16 10.37 -13.28  167.05 186.70  6.00
2002 06 28 17 19 30.27  43.75  130.67 566.00  7.30
2002 06 29 02 39 00.72 -12.40  166.52  33.00  6.20
2002 06 30 21 29 36.30 -22.20  179.25 620.40  6.50
2002 07 03 23 00 18.47  -5.03  147.34  31.20  6.20
2002 07 19 06 43 55.10 -56.62 -140.69  10.00  6.10
2002 07 30 06 55 07.78 -57.89  -23.24  33.00  6.20
2002 07 31 00 16 44.61   7.93  -82.79  10.00  6.50
2002 08 02 23 11 39.13  29.28  138.97 426.10  6.30
2002 08 04 15 16 26.99 -35.46  -16.24  10.00  6.00
2002 08 07 23 59 14.54   7.85  -82.89  10.00  6.00
2002 08 09 13 31 05.29 -16.31 -176.17 364.10  6.10
2002 08 12 02 59 24.02 -19.51  169.04 112.20  6.00
2002 08 14 13 12 39.88   7.83  136.88  10.00  6.30
2002 08 14 13 57 52.11  14.10  146.20  30.00  6.50
2002 08 15 05 30 26.23  -1.20  121.33  10.00  6.20
2002 08 19 11 01 01.19 -21.70 -179.51 580.00  7.70
2002 08 19 11 08 24.31 -23.88  178.50 675.40  7.70
2002 08 19 11 23 06.20 -23.90  178.38 677.40  6.10
2002 08 20 10 59 32.02  30.99  141.97   9.00  6.30
2002 08 24 18 40 53.44  43.11  146.12  42.60  6.10
2002 09 01 17 14 59.89  14.28   51.95  10.00  6.00
2002 09 06 01 21 28.60  38.38   13.70   5.00  6.00
2002 09 07 08 14 19.65 -20.27 -176.04 209.90  6.00
2002 09 08 13 15 55.72 -22.84  178.93 618.80  6.00
2002 09 08 18 44 23.71  -3.30  142.95  13.00  7.60
2002 09 13 22 28 29.46  13.04   93.07  21.00  6.50
2002 09 15 08 39 32.70  44.83  129.92 586.30  6.40
2002 09 16 13 23 00.99  -3.31  142.68  10.00  6.30
2002 09 17 11 20 23.39  -3.28  142.77  10.00  6.00
2002 09 20 13 33 41.62  -1.74  134.01  10.00  6.00
2002 09 20 15 43 35.46  -1.68  134.23  10.00  6.40
2002 09 24 03 57 22.28 -31.52  -69.20 119.60  6.30
2002 09 24 04 13 11.63 -10.54  161.20  10.00  6.10
2002 09 24 22 54 21.48 -10.56  161.11  10.00  6.30
2002 09 24 23 01 28.67 -10.65  161.21  19.00  6.30
2002 10 03 16 08 29.62  23.32 -108.53  10.00  6.50
2002 10 03 19 05 10.67  -7.53  115.66 315.80  6.00
2002 10 04 19 05 48.77 -20.99 -179.02 621.10  6.30
2002 10 06 15 46 33.01  -8.20  118.34  10.00  6.30
2002 10 08 01 23 58.80 -42.04   88.38  10.00  6.00
2002 10 10 10 50 20.57  -1.76  134.30  10.00  7.60
2002 10 10 12 28 25.80  -1.51  133.97  10.00  6.70
2002 10 10 12 29 35.18  -1.40  133.93  10.00  6.00
2002 10 10 21 19 58.51  -1.48  134.11  10.00  6.00
2002 10 12 20 09 11.46  -8.29  -71.74 534.30  6.90
2002 10 12 23 43 12.85  15.10  118.50  33.00  6.10
2002 10 13 20 55 07.46 -14.60 -175.42  10.00  6.10
2002 10 14 14 12 43.75  41.17  142.25  61.40  6.10
2002 10 16 10 12 21.43  51.95  157.32 102.40  6.20
2002 10 16 14 13 12.74 -15.68 -173.05  33.00  6.00
2002 10 17 04 23 55.94 -19.84 -178.40 627.60  6.20
2002 10 17 17 52 44.19  -3.60  140.23  33.00  6.30
2002 10 18 11 16 48.31 -57.19 -142.75  10.00  6.10
2002 10 19 00 43 56.43  -3.67  140.31  33.00  6.00
2002 10 19 12 09 05.38  44.30  149.96  33.00  6.30
2002 10 22 11 39 04.21 -20.63 -178.39 549.00  6.20
2002 10 23 11 27 19.43  63.51 -147.91   4.20  6.36
2002 10 24 06 08 37.98  -1.88   29.00  11.00  6.20
2002 10 31 01 35 16.67  -3.44  148.64  10.00  6.10
2002 11 02 01 26 10.70   2.82   96.09  30.00  7.40
2002 11 02 09 46 46.70   2.95   96.39  27.00  6.30
2002 11 03 03 37 42.07  38.89  141.98  39.00  6.40
2002 11 03 22 12 41.52  63.51 -147.45   4.20  7.90
2002 11 07 15 14 06.76  51.20  179.33  33.00  6.60
2002 11 09 00 14 18.08  13.74  -91.19  33.00  6.00
2002 11 12 01 46 48.94 -56.55  -27.54 120.00  6.20
2002 11 15 19 58 31.78 -56.05  -36.40  10.00  6.60
2002 11 17 04 53 53.54  47.82  146.21 459.10  7.30
2002 11 20 21 32 30.81  35.41   74.52  33.00  6.30
2002 11 26 00 48 15.04  51.47 -173.54  20.60  6.10
2002 12 10 01 28 33.67 -50.03 -114.12  10.00  6.00
2002 12 10 04 27 54.60 -24.14  179.24 530.60  6.10
2002 12 11 03 49 40.19  -3.81  135.12  10.00  6.30
2002 12 12 08 30 42.77  -4.79  153.28  34.00  6.70
2002 12 17 04 32 53.07 -56.95  -24.82  10.00  6.20
2002 12 18 14 12 21.75 -57.09  -24.98  10.00  6.10
2002 12 20 14 14 42.05  -3.08  147.94  33.00  6.30
2002 12 23 13 46 11.36  16.96  -85.58  33.00  6.00
2002 12 30 04 49 08.69   7.47  123.41  10.00  6.30
2003 01 04 05 15 03.84 -20.57 -177.66 378.00  6.50
2003 01 06 23 43 50.84  15.65  119.66  10.00  6.00
2003 01 09 02 50 45.79 -19.66 -176.30  10.00  6.00
2003 01 10 13 11 56.91  -5.31  153.70  71.90  6.70
2003 01 16 00 53 15.72  44.28 -129.02  10.00  6.30
2003 01 20 08 43 06.07 -10.49  160.77  33.00  7.30
2003 01 21 02 46 47.74  13.63  -90.77  24.00  6.50
2003 01 22 02 06 34.61  18.77 -104.10  24.00  7.60
2003 01 27 05 26 23.04  39.50   39.88  10.00  6.10
2003 01 27 17 56 25.83 -46.05   35.06  10.00  6.40
2003 02 10 04 49 31.12  -6.01  149.79  33.00  6.30
2003 02 12 22 33 30.83  -3.65  144.24  10.00  6.20
2003 02 15 11 01 59.86  12.17  124.08  10.00  6.30
2003 02 19 03 32 36.36  53.65 -164.64  19.00  6.60
2003 02 24 02 03 41.45  39.61   77.23  11.00  6.30
2003 03 01 06 12 47.40  -1.70  134.31  28.10  6.00
2003 03 02 16 42 56.33 -36.96  -20.88  10.00  6.20
2003 03 09 10 36 23.03  -6.82  130.99  45.90  6.00
2003 03 10 02 09 37.08   1.69  127.30  93.80  6.40
2003 03 11 07 27 32.65  -4.69  153.24  40.20  6.80
2003 03 12 23 41 32.92  26.56 -110.59  10.00  6.40
2003 03 14 07 06 13.31  -0.41  132.95  33.00  6.30
2003 03 14 12 54 12.12 -17.42 -175.18 274.90  6.40
2003 03 15 19 41 28.70  52.25  160.39  30.20  6.10
2003 03 17 16 36 17.31  51.27  177.98  33.00  7.10
2003 03 17 18 55 47.88  51.30  177.97  33.00  6.20
2003 03 19 00 03 42.92  -9.39  156.59  33.50  6.20
2003 03 25 02 53 25.03  -8.29  120.74  33.00  6.50
2003 03 28 17 31 47.77 -15.32 -173.51  41.20  6.20
2003 03 30 18 13 34.09  -3.17  127.54  33.00  6.20
2003 03 31 01 06 53.05  -6.18  151.43  46.80  6.20
2003 04 02 03 43 11.58  35.28  -35.73  10.00  6.30
2003 04 11 06 12 54.58   7.03  -82.35  10.00  6.20
2003 04 17 00 48 38.58  37.53   96.48  14.00  6.40
2003 04 17 14 50 48.58 -54.62    1.43  10.00  6.50
2003 04 24 10 56 21.98  48.76  154.99  43.80  6.10
2003 04 27 16 03 40.42 -20.94  169.77  77.40  6.30
2003 04 27 22 57 44.84  -8.20  -71.59 559.90  6.00
2003 04 29 13 53 17.30  43.71  147.81  62.50  6.00
2003 05 01 00 27 04.70  39.01   40.46  10.00  6.40
2003 05 03 05 03 03.34 -15.14 -173.75  33.00  6.20
2003 05 04 13 15 18.66 -30.53 -178.23  62.40  6.70
2003 05 04 14 54 00.32 -11.29  166.31  33.00  6.00
2003 05 04 20 08 46.48 -30.59 -178.29  45.60  6.40
2003 05 05 15 50 08.47   0.21  127.35 123.60  6.40
2003 05 05 23 04 45.67   3.71  127.95  56.00  6.20
2003 05 09 20 26 15.98 -48.21   32.27  10.00  6.30
2003 05 11 17 51 35.14  -0.99  126.94  30.20  6.10
2003 05 13 21 21 14.05 -17.29  167.74  33.00  6.30
2003 05 14 06 03 35.86  18.27  -58.63  41.50  6.70
2003 05 14 07 40 36.10  -8.06  107.31  79.10  6.00
2003 05 19 10 43 22.68 -18.04 -178.67 563.80  6.00
2003 05 19 16 27 10.20  17.55 -105.47  10.00  6.10
2003 05 21 18 44 20.10  36.96    3.63  12.00  6.80
2003 05 26 09 24 33.40  38.85  141.57  68.00  7.00
2003 05 26 19 23 27.94   2.35  128.86  31.00  7.00
2003 05 26 23 13 29.72   6.76  123.71 565.80  6.90
2003 05 28 16 15 18.94 -17.65   66.12  10.00  6.20
2003 06 03 23 58 02.74 -17.36  -72.81  33.00  6.00
2003 06 07 00 32 45.57  -5.09  152.50  33.00  6.60
2003 06 10 08 40 30.83  23.52  121.63  44.50  6.00
2003 06 12 08 59 20.24  -5.99  154.76 186.30  6.30
2003 06 15 19 24 33.15  51.55  176.92  20.00  6.50
2003 06 16 22 08 02.14  55.49  160.00 174.80  6.90
2003 06 20 06 19 38.91  -7.61  -71.72 558.10  7.10
2003 06 20 13 30 41.64 -30.61  -71.64  33.00  6.80
2003 06 23 12 12 34.47  51.44  176.78  20.00  6.90
2003 06 26 14 11 44.59  12.25  123.85  10.00  6.00
2003 06 28 15 29 42.26  -3.33  146.15  10.00  6.30
2003 07 01 05 52 25.92   4.53  122.51 635.40  6.00
2003 07 01 17 00 22.82  12.80  124.90  33.00  6.00
2003 07 03 06 21 50.37 -21.28 -174.52  10.00  6.00
2003 07 04 00 33 50.04  -5.47  151.69  10.00  6.10
2003 07 12 23 01 38.00  54.65 -134.47  20.00  6.00
2003 07 15 18 46 38.12  -3.83  152.17  33.00  6.50
2003 07 15 20 27 50.53  -2.60   68.38  10.00  7.60
2003 07 17 19 57 13.77  18.51 -107.13  10.00  6.00
2003 07 21 13 53 58.49  -5.48  148.85 189.60  6.40
2003 07 21 15 16 31.93  25.98  101.29  10.00  6.00
2003 07 22 04 21 40.77 -15.42  166.14  33.00  6.00
2003 07 25 09 37 45.84  -1.53  149.69  24.00  6.40
2003 07 25 22 13 29.97  38.41  141.00   6.00  6.10
2003 07 27 02 04 11.53 -21.08 -176.59 212.90  6.60
2003 07 27 06 25 31.95  47.15  139.25 470.30  6.80
2003 07 27 11 41 27.05 -20.13  -65.19 345.30  6.00
2003 08 04 04 37 20.13 -60.53  -43.41  10.00  7.60
2003 08 11 00 19 09.28   1.14  128.15  10.00  6.00
2003 08 11 13 40 19.85 -56.91  147.61  10.00  6.00
2003 08 11 21 22 30.42  12.12   93.53 100.20  6.00
2003 08 14 05 14 54.76  39.16   20.61  10.00  6.30
2003 08 21 12 12 49.79 -45.10  167.14  28.00  7.20
2003 08 21 14 12 27.69 -45.33  167.04  33.00  6.20
2003 08 25 06 28 35.18  14.03  -91.07 100.00  6.00
2003 08 28 04 48 19.88 -49.82 -114.81  10.00  6.20
2003 08 28 06 38 11.63  -7.32  126.05 409.20  6.00
2003 08 30 00 05 39.22 -14.80  167.24 137.00  6.00
2003 08 31 23 08 00.26  43.39  132.27 481.10  6.20
2003 09 02 18 28 00.33 -15.23 -173.22  10.00  6.40
2003 09 06 02 08 13.81  -4.62 -106.05  10.00  6.10
2003 09 07 13 19 20.45 -22.47  172.12  33.00  6.40
2003 09 11 21 58 25.55  -8.21  156.16  10.00  6.00
2003 09 12 06 55 55.80  -5.27  151.50  50.40  6.00
2003 09 21 18 16 13.41  19.92   95.67  10.00  6.60
2003 09 21 23 15 12.11  -1.01  -14.06  10.00  6.00
2003 09 22 04 45 36.24  19.78  -70.67  10.00  6.40
2003 09 25 19 50 06.36  41.81  143.91  27.00  8.30
2003 09 25 21 08 00.03  41.77  143.59  33.00  7.40
2003 09 26 20 38 22.10  41.99  144.58  33.00  6.00
2003 09 27 11 33 25.08  50.04   87.81  16.00  7.30
2003 09 27 18 52 46.98  50.09   87.77  10.00  6.40
2003 09 29 02 36 53.14  42.45  144.38  25.00  6.50
2003 09 30 08 01 33.11 -60.32  -33.40  10.00  6.00
2003 09 30 14 08 37.74 -30.44 -177.40  10.00  6.40
2003 09 30 15 22 31.70 -30.49 -177.18  33.00  6.00
2003 10 01 01 03 25.24  50.21   87.72  10.00  6.70
2003 10 07 04 55 28.81 -16.53 -170.19  10.00  6.20
2003 10 08 09 06 55.34  42.65  144.57  32.00  6.70
2003 10 09 22 19 13.85  13.76  119.94  33.00  6.20
2003 10 13 09 52 26.16 -15.94 -178.43  10.00  6.00
2003 10 15 02 19 43.90 -17.82 -178.70 582.60  6.00
2003 10 17 10 19 06.82  -5.47  154.16 133.00  6.40
2003 10 18 22 27 13.25   0.44  126.10  33.00  6.40
2003 10 22 11 45 30.84  -6.06  147.73  53.50  6.30
2003 10 28 02 33 51.52  -5.38  151.51  65.00  6.00
2003 10 31 01 06 28.28  37.81  142.62  10.00  7.00
2003 11 02 05 32 15.72 -45.19  166.53  10.00  6.40
2003 11 05 00 58 51.11   4.97  -77.77  33.00  6.00
2003 11 06 10 38 04.29 -19.26  168.89 113.70  6.60
2003 11 09 19 52 36.82  -0.67  -19.69  10.00  6.60
2003 11 11 13 44 53.28 -30.62 -179.01  33.00  6.10
2003 11 11 15 39 33.59 -30.66 -179.38  33.00  6.10
2003 11 11 18 48 23.76  22.32  143.25 101.00  6.00
2003 11 12 00 29 45.35   1.59  126.48  33.00  6.20
2003 11 12 08 26 43.74  33.17  137.07 384.90  6.40
2003 11 13 02 49 02.21 -54.21  143.82  10.00  6.00
2003 11 14 04 28 33.30 -16.74  172.33  10.00  6.10
2003 11 17 06 43 06.80  51.15  178.65  33.00  7.80
2003 11 18 17 14 22.62  12.03  125.42  35.00  6.50
2003 11 25 20 19 46.29  -5.58  150.88  35.00  6.60
2003 12 01 01 38 31.96  42.91   80.52  10.00  6.00
2003 12 05 21 26 09.48  55.54  165.78  10.00  6.70
2003 12 09 12 44 01.68  51.33 -179.27  33.00  6.20
2003 12 10 04 38 11.59  23.04  121.36  10.00  6.80
2003 12 21 07 40 45.83  -0.77  -20.60  10.00  6.60
2003 12 22 19 15 56.26  35.70 -121.10   8.05  6.50
2003 12 25 07 11 11.59   8.42  -82.82  33.00  6.50
2003 12 25 14 21 14.94 -34.95 -178.25  34.60  6.00
2003 12 25 20 42 33.72 -22.25  169.49  10.00  6.50
2003 12 25 23 09 43.42 -22.30  169.53  10.00  6.00
2003 12 26 01 56 52.44  29.00   58.31  10.00  6.60
2003 12 26 21 26 04.10 -22.27  169.31  10.00  6.80
2003 12 27 04 55 25.46 -22.11  169.35  10.00  6.10
2003 12 27 16 00 59.45 -22.02  169.77  10.00  7.30
2003 12 27 22 38 01.88 -21.67  169.84  10.00  6.70
2003 12 27 22 55 01.28 -21.65  169.77  10.00  6.30
2003 12 29 01 30 54.70  42.42  144.61  33.00  6.10
2004 01 01 23 31 50.05  17.49 -101.30  29.40  6.10
2004 01 03 08 07 34.22 -22.38  169.73  10.00  6.00
2004 01 03 08 09 03.81 -22.16  169.55  10.00  6.10
2004 01 03 08 21 48.40 -22.32  169.62  10.00  6.40
2004 01 03 16 23 21.02 -22.25  169.68  22.00  7.10
2004 01 03 16 34 28.05 -22.44  169.92  10.00  6.10
2004 01 09 22 35 31.19  -6.07  149.40  57.70  6.30
2004 01 11 04 32 47.79 -36.70   53.35   5.30  6.20
2004 01 11 09 29 10.28 -20.14 -179.15 673.10  6.00
2004 01 15 07 26 53.01  -3.53  151.06  10.00  6.20
2004 01 16 18 07 55.66   7.64  -37.70  10.00  6.20
2004 01 25 11 43 11.87 -16.83 -174.20 129.80  6.70
2004 01 28 22 15 30.70  -3.12  127.40  17.40  6.70
2004 01 29 03 52 52.30 -50.21 -114.78  10.00  6.10
2004 02 04 11 59 47.69   8.36  -82.88  29.20  6.10
2004 02 05 21 05 02.84  -3.62  135.54  16.60  7.00
2004 02 07 02 42 35.21  -4.00  135.02  10.00  7.30
2004 02 08 08 58 51.80  -3.67  135.34  25.70  6.70
2004 02 20 05 58 45.19 -11.61  166.45  84.00  6.00
2004 02 21 02 34 42.70 -58.42  -14.96  10.00  6.60
2004 02 22 06 46 27.04  -1.56  100.49  42.00  6.00
2004 02 23 16 04 49.44 -14.74 -175.63  31.00  6.30
2004 02 24 02 27 46.23  35.14   -4.00   0.00  6.40
2004 02 26 20 32 21.85 -18.17   66.42  10.00  6.30
2004 02 26 22 58 41.38 -53.16  159.65  10.00  6.00
2004 03 02 03 47 22.40  11.61  -86.77  28.00  6.20
2004 03 07 11 08 01.34 -32.38 -178.19   7.00  6.00
2004 03 08 23 39 11.34  10.48  -43.92  10.00  6.00
2004 03 09 22 56 42.51 -32.27 -178.36  18.40  6.20
2004 03 12 22 13 13.86 -15.58 -175.10 271.50  6.00
2004 03 14 16 30 42.32 -17.27 -172.32  12.00  6.10
2004 03 17 03 21 07.91 -21.12  -65.59 289.80  6.10
2004 03 17 05 21 00.80  34.59   23.33  24.50  6.10
2004 03 18 20 04 24.83 -23.76 -176.00  10.00  6.20
2004 03 27 18 47 29.20  33.95   89.18   8.00  6.00
2004 04 03 23 02 00.87  36.43  141.01  31.00  6.00
2004 04 05 20 34 21.93 -20.44 -173.94   8.00  6.20
2004 04 05 21 24 04.00  36.51   71.03 187.10  6.60
2004 04 08 04 57 50.48 -36.26  -97.83  10.00  6.40
2004 04 09 15 23 35.05 -13.17  167.20 228.40  6.50
2004 04 11 07 37 29.85  -3.73  140.08  20.00  6.20
2004 04 11 18 06 12.48  42.92  144.84  41.80  6.10
2004 04 14 01 33 05.30 -17.85 -174.56 143.50  6.00
2004 04 14 01 54 09.22  55.23  162.66  51.30  6.20
2004 04 14 23 07 39.94  71.07   -7.75  12.20  6.00
2004 04 15 20 06 55.30 -19.37  169.63  10.00  6.30
2004 04 16 16 58 36.94 -24.52 -175.88  10.00  6.00
2004 04 16 21 57 05.41  -5.21  102.72  44.50  6.00
2004 04 22 10 11 12.66 -17.59  167.89  10.00  6.00
2004 04 22 14 16 07.00  -3.35  146.85  35.00  6.00
2004 04 23 01 50 30.22  -9.36  122.84  65.80  6.70
2004 04 24 07 44 11.30 -21.90 -174.82   8.00  6.10
2004 04 27 23 28 18.88 -17.76  167.76  10.00  6.00
2004 04 29 00 57 21.08  10.80  -86.00  10.00  6.20
2004 05 03 04 36 50.04 -37.70  -73.41  21.00  6.60
2004 05 07 01 26 42.20 -21.99  170.28  14.00  6.30
2004 05 11 08 28 48.28   0.41   97.83  21.00  6.10
2004 05 13 09 58 43.45  -3.58  150.73  10.00  6.40
2004 05 19 07 04 11.71  22.66  121.50  20.00  6.20
2004 05 28 12 38 44.47  36.29   51.61  17.00  6.30
2004 05 29 20 56 09.60  34.25  141.41  16.00  6.50
2004 06 02 08 50 37.13 -32.88 -179.45  43.10  6.20
2004 06 09 22 52 08.80 -51.60  139.62  10.00  6.40
2004 06 10 15 19 57.75  55.68  160.00 188.60  6.90
2004 06 15 11 16 31.50 -38.85  -73.16  37.80  6.10
2004 06 25 02 35 07.79  -6.71  130.38  70.50  6.10
2004 06 28 09 49 47.00  54.80 -134.25  20.00  6.80
2004 06 29 07 01 30.90  10.74  -87.04   9.00  6.30
2004 06 30 23 37 25.45   0.80  124.73  90.80  6.30
2004 07 01 04 39 37.51 -49.58  163.67  10.00  6.20
2004 07 08 10 30 49.16  47.20  151.30 128.50  6.40
2004 07 08 19 54 33.84 -25.05 -115.96  10.00  6.00
2004 07 11 23 08 44.18  30.69   83.67  13.00  6.20
2004 07 11 23 46 12.56 -20.25 -126.93  12.00  6.10
2004 07 15 04 27 14.73 -17.66 -178.76 565.50  7.10
2004 07 16 23 58 19.04 -65.65 -179.57  10.00  6.20
2004 07 19 08 01 49.46  49.62 -126.97  23.70  6.40
2004 07 22 09 45 14.90  26.49  128.89  20.90  6.10
2004 07 25 14 35 19.06  -2.43  103.98 582.10  7.30
2004 07 28 03 56 28.60  -0.44  133.09  13.40  6.50
2004 08 01 19 03 10.29 -63.56 -166.67  10.00  6.00
2004 08 07 09 30 16.94  51.75 -166.31   8.00  6.00
2004 08 10 01 47 32.81  36.44   70.80 207.00  6.00
2004 08 28 13 41 25.60 -35.17  -70.53   5.00  6.50
2004 09 03 19 04 47.98 -15.25 -173.34  10.00  6.20
2004 09 05 10 07 07.82  33.07  136.62  14.00  7.20
2004 09 05 14 57 18.61  33.18  137.07  10.00  7.40
2004 09 06 12 42 59.39 -55.37  -28.98  10.00  6.90
2004 09 06 23 29 35.09  33.20  137.23  10.00  6.60
2004 09 07 11 53 06.11 -28.57  -65.84  22.30  6.40
2004 09 08 14 58 25.83  33.14  137.20  21.20  6.10
2004 09 09 16 33 21.74  17.76  -81.55  25.20  6.00
2004 09 11 21 52 38.30 -57.98  -25.34  63.90  6.10
2004 09 13 03 00 12.85  44.00  151.41   8.00  6.10
2004 09 15 19 10 50.60  14.22  120.41 115.40  6.00
2004 09 19 20 26 04.10  52.20  174.03  25.00  6.20
2004 09 28 15 29 53.82 -52.52   28.02  10.00  6.40
2004 10 04 19 20 34.98  14.55  146.99   7.20  6.00
2004 10 06 22 30 56.95  -0.67  134.43  10.00  6.20
2004 10 08 08 27 53.54 -10.95  162.16  36.00  6.80
2004 10 08 14 36 06.11  13.93  120.53 105.00  6.50
2004 10 09 21 26 53.69  11.42  -86.67  35.00  7.00
2004 10 15 04 08 50.24  24.53  122.69  94.00  6.70
2004 10 20 18 32 24.57 -14.03  166.61  59.80  6.10
2004 10 23 08 56 00.86  37.23  138.78  16.00  6.60
2004 10 23 09 03 12.53  37.32  138.82  10.50  6.10
2004 10 23 09 34 04.99  37.32  138.81  10.00  6.30
2004 10 26 20 48 10.58 -57.07  -24.83  10.00  6.00
2004 10 26 22 53 07.86 -57.07  -24.68  10.00  6.40
2004 10 27 01 40 50.26  37.28  138.89  14.10  6.00
2004 11 02 10 02 12.82  49.28 -128.77  10.00  6.70
2004 11 03 08 31 43.73  14.47  146.84  10.00  6.00
2004 11 05 05 18 35.05  -4.36  143.93 125.70  6.00
2004 11 07 02 02 26.17  47.95  144.48 474.00  6.20
2004 11 08 15 55 01.15  24.10  122.54  29.00  6.30
2004 11 09 23 58 23.65 -11.15  163.71  13.00  6.90
2004 11 11 10 02 47.33  42.14  144.34  32.80  6.10
2004 11 11 17 34 52.05 -11.13  162.21  10.00  6.70
2004 11 11 21 26 41.15  -8.15  124.87  10.00  7.50
2004 11 11 22 49 48.14  -8.26  124.93  10.00  6.40
2004 11 12 06 36 16.76 -26.70  -63.32 568.70  6.10
2004 11 15 09 06 56.56   4.70  -77.51  15.00  7.20
2004 11 16 10 06 54.50  -5.63  151.45  55.70  6.10
2004 11 17 21 09 13.13 -20.07 -178.71 622.60  6.60
2004 11 20 08 07 22.08   9.60  -84.17  16.00  6.40
2004 11 20 22 01 45.66  13.38  -90.06  40.60  6.30
2004 11 21 11 07 13.65 -15.40 -174.91 256.10  6.00
2004 11 21 11 41 07.76  15.68  -61.71  14.00  6.30
2004 11 22 20 26 23.90 -46.68  164.72  10.00  7.10
2004 11 26 02 25 03.31  -3.61  135.40  10.00  7.10
2004 11 28 02 35 13.41 -26.52 -113.83  10.00  6.60
2004 11 28 07 36 45.40  -3.64  135.45  23.10  6.20
2004 11 28 18 32 14.13  43.01  145.12  39.00  7.00
2004 12 06 14 15 11.89  42.90  145.23  35.00  6.80
2004 12 06 16 26 28.96 -18.48 -178.08 439.20  6.10
2004 12 13 15 23 41.01  13.38  -89.37  62.30  6.00
2004 12 14 23 20 13.36  18.96  -81.41  10.00  6.80
2004 12 18 06 46 19.87  48.84  156.31  11.00  6.20
2004 12 22 21 03 39.39 -55.94 -125.00  10.00  6.10
2004 12 23 14 59 04.41 -49.31  161.34  10.00  8.10
2004 12 26 00 58 53.45   3.29   95.98  30.00  9.00
2004 12 26 01 21 20.66   6.34   93.36  30.00  6.10
2004 12 26 01 22 25.59   7.42   93.99  30.00  6.00
2004 12 26 01 25 48.76   5.50   94.21  30.00  6.10
2004 12 26 02 00 40.03   6.85   94.67  30.00  6.00
2004 12 26 04 21 29.81   6.91   92.96  39.20  7.20
2004 12 26 09 20 01.61   8.88   92.38  16.10  6.60
2004 12 26 10 19 31.73  13.46   92.74  26.40  6.30
2004 12 26 11 05 00.72  13.53   92.84  13.30  6.20
2004 12 26 15 06 33.24   3.65   94.09  17.80  6.00
2004 12 26 19 19 55.57   2.79   94.16  30.00  6.10
2004 12 27 09 39 06.80   5.35   94.65  35.00  6.10
2004 12 29 01 50 52.57   9.11   93.76   8.00  6.10
2004 12 29 05 56 47.54   8.79   93.20  12.00  6.20
2004 12 31 02 24 00.52   7.12   92.53  14.00  6.10
2004 12 31 12 04 57.52   6.20   92.91  11.00  6.00
2005 01 01 06 25 44.82   5.10   92.30  11.70  6.70
2005 01 01 19 08 07.80   7.34   94.45  55.40  6.10
2005 01 02 15 35 56.72   6.36   92.79  30.00  6.40
2005 01 03 17 59 28.89 -50.66  161.87  10.00  6.10
2005 01 04 09 13 12.25  10.67   92.36  23.20  6.10
2005 01 08 18 45 03.82 -55.30  -27.96  10.00  6.00
2005 01 09 22 12 56.51   4.93   95.11  40.00  6.10
2005 01 12 08 40 03.65  -0.88  -21.19  10.00  6.80
2005 01 14 08 33 14.46  -4.24  152.72  10.00  6.10
2005 01 15 13 47 05.13  -6.46  105.24  58.70  6.00
2005 01 16 08 25 04.47 -25.53 -176.30  16.00  6.20
2005 01 16 20 17 52.76  10.93  140.84  24.90  6.60
2005 01 17 10 50 32.56  10.99  140.68  12.00  6.10
2005 01 18 14 09 06.22  42.95  144.87  42.00  6.30
2005 01 19 06 11 36.40  34.06  141.49  27.80  6.60
2005 01 21 13 45 14.06  -1.13  -80.83  10.00  6.00
2005 01 22 20 30 17.35  -7.73  159.48  29.00  6.40
2005 01 23 20 10 12.15  -1.20  119.93  11.00  6.30
2005 01 24 04 16 47.44   7.33   92.48  30.00  6.30
2005 01 24 23 23 26.12  -1.36  -80.78  16.90  6.10
2005 01 26 22 00 42.57   2.70   94.60  22.20  6.20
2005 01 28 09 26 18.83  -1.18  -81.50  10.00  6.10
2005 01 28 15 46 45.27  -1.09  -81.16  10.00  6.20
2005 02 02 02 30 25.94  14.08  144.72 158.70  6.30
2005 02 05 03 34 25.73  16.01  145.87 142.70  6.60
2005 02 05 04 03 13.84   2.25   94.99  30.00  6.00
2005 02 05 12 23 18.94   5.29  123.34 525.00  7.10
2005 02 07 20 02 17.69  -4.53  153.19  36.50  6.10
2005 02 08 14 48 21.97 -14.25  167.26 206.30  6.70
2005 02 09 13 27 25.34   4.80   95.12  44.50  6.00
2005 02 09 18 46 09.97  26.09  144.00  24.00  6.30
2005 02 10 16 53 19.99 -23.10  169.22   9.00  6.30
2005 02 14 23 38 08.66  41.73   79.44  22.00  6.10
2005 02 15 14 42 25.85   4.76  126.42  39.70  6.50
2005 02 16 20 27 52.49 -36.32  -16.56  10.00  6.60
2005 02 19 00 04 43.59  -5.56  122.13  10.00  6.50
2005 02 22 02 25 22.92  30.75   56.82  14.00  6.40
2005 02 23 11 33 52.90  -6.25  150.66  10.00  6.00
2005 02 26 12 56 52.62   2.91   95.59  36.00  6.80
2005 03 02 10 42 12.23  -6.53  129.93 201.70  7.10
2005 03 06 04 39 59.43 -11.04  163.05  10.00  6.10
2005 03 06 05 21 43.43  84.95   99.39  10.00  6.30
2005 03 13 03 31 23.08  27.09   61.89  54.00  6.00
2005 03 17 13 37 37.11  15.14  -91.38 197.40  6.10
2005 03 19 15 02 42.67 -20.41 -174.34  18.00  6.10
2005 03 19 17 34 46.18 -21.89 -179.55 598.70  6.30
2005 03 20 01 53 41.83  33.81  130.13  10.00  6.60
2005 03 21 12 23 54.09 -24.98  -63.47 579.10  6.90
2005 03 21 12 43 12.36 -24.73  -63.51 570.10  6.40
2005 03 26 15 40 34.53  -4.89  129.94  10.00  6.10
2005 03 28 16 09 36.53   2.08   97.11  30.00  8.60
2005 03 28 18 30 44.56   0.92   97.87  36.10  6.10
2005 03 30 16 19 41.10   2.99   95.41  22.00  6.30
2005 03 30 17 41 57.16 -22.46 -179.75 588.70  6.10
2005 03 31 01 46 17.76 -18.45  175.99  10.00  6.00
2005 04 02 12 52 36.59  78.61    6.10  10.00  6.10
2005 04 03 00 59 21.42   0.37   98.32  30.00  6.00
2005 04 03 03 10 56.47   2.02   97.94  36.00  6.30
2005 04 07 20 04 41.06  30.49   83.66  11.00  6.30
2005 04 08 05 48 37.88  -0.21   97.73  20.90  6.10
2005 04 08 11 38 17.47 -23.14  169.27  10.00  6.10
2005 04 10 10 29 11.28  -1.64   99.61  19.00  6.70
2005 04 10 11 14 19.62  -1.71   99.78  30.00  6.50
2005 04 10 17 24 39.40  -1.59   99.72  30.00  6.40
2005 04 11 06 11 11.82   2.17   96.76  24.00  6.10
2005 04 11 12 20 05.96  -3.48  145.91  11.40  6.60
2005 04 11 14 54 07.03  -7.29  -77.89 129.90  6.00
2005 04 11 17 08 53.94 -21.98  170.61  68.00  6.70
2005 04 16 16 38 03.90   1.81   97.66  31.00  6.40
2005 04 28 14 07 33.70   2.13   96.80  22.00  6.20
2005 05 05 19 12 21.41   5.71  -82.84  18.00  6.50
2005 05 10 01 09 05.10  -6.23  103.14  17.00  6.30
2005 05 12 11 15 35.34 -57.38 -139.23  10.00  6.50
2005 05 14 05 05 18.48   0.59   98.46  34.00  6.70
2005 05 16 03 54 14.62 -32.59 -179.35  34.00  6.60
2005 05 18 09 10 53.65 -56.41  -26.86 102.20  6.00
2005 05 18 10 27 06.41 -15.32 -173.24  10.00  6.20
2005 05 18 11 37 41.74   5.44   93.36   2.50  6.10
2005 05 19 01 54 52.85   1.99   97.04  30.00  6.90
2005 05 20 12 40 42.41 -24.53  178.84 565.30  6.00
2005 05 21 05 11 35.39  -3.29  -80.99  39.50  6.30
2005 06 02 10 56 01.65 -24.22  -67.00 196.20  6.10
2005 06 04 14 50 46.65  -6.32  146.85  26.00  6.10
2005 06 08 06 28 10.92   2.17   96.72  23.50  6.10
2005 06 12 19 26 24.80 -56.29  -27.07  94.10  6.00
2005 06 13 22 44 33.90 -19.99  -69.20 115.60  7.80
2005 06 14 17 10 12.28  51.24  179.31  17.00  6.80
2005 06 15 02 50 54.19  41.29 -125.95  16.00  7.20
2005 06 15 10 13 59.39  -4.59  153.19  74.60  6.20
2005 06 15 19 52 24.82 -44.87  -80.56  10.00  6.40
2005 06 17 06 21 42.59  40.77 -126.57  12.00  6.60
2005 06 27 11 35 45.60  18.78 -107.30  20.00  6.20
2005 07 02 02 16 43.70  11.24  -86.17  27.00  6.60
2005 07 04 11 36 05.65 -42.28   42.37  10.00  6.30
2005 07 05 01 52 02.95   1.82   97.08  21.00  6.70
2005 07 10 04 46 31.24 -36.31  -97.26  10.00  6.10
2005 07 11 23 06 01.74 -27.00 -176.32  10.00  6.00
2005 07 23 08 51 43.57 -30.25 -178.07  10.00  6.00
2005 07 24 15 42 06.21   7.92   92.19  16.00  7.20
2005 07 30 11 03 49.12 -61.47  154.25  10.00  6.00
2005 08 03 11 03 15.13  11.25  -85.54  14.00  6.30
2005 08 06 09 56 13.54 -19.61 -175.85 205.40  6.00
2005 08 07 02 17 46.04 -47.09   33.62  10.00  6.20
2005 08 07 11 35 26.14 -14.45 -177.29  10.00  6.00
2005 08 09 05 26 17.53 -20.94  173.83  23.60  6.10
2005 08 09 14 12 21.17 -21.10  173.87  35.00  6.10
2005 08 11 09 08 46.81 -22.68  169.51  10.00  6.20
2005 08 13 07 36 52.77  20.13  145.80  48.60  6.00
2005 08 16 02 46 28.40  38.28  142.04  36.00  7.20
2005 08 24 10 15 28.19  38.56  142.99  10.00  6.10
2005 08 26 18 16 33.62  14.42   52.37  10.00  6.20
2005 08 27 18 38 20.94   6.82  -82.43  10.00  6.10
2005 08 30 18 10 45.46  38.48  143.18  21.10  6.10
2005 09 04 23 58 34.89   3.00  123.07 443.90  6.00
2005 09 05 07 37 31.31 -56.41 -142.39  10.00  6.20
2005 09 09 07 26 43.73  -4.54  153.47  90.00  7.60
2005 09 21 02 25 08.11  43.89  146.15 103.00  6.10
2005 09 25 12 55 46.60 -17.52  167.80  30.00  6.10
2005 09 26 01 55 37.67  -5.68  -76.40 115.00  7.50
2005 09 29 15 50 24.03  -5.44  151.84  25.00  6.60
2005 09 29 18 23 25.98  -5.56  151.87  28.00  6.20
2005 10 08 03 50 40.80  34.54   73.59  26.00  7.60
2005 10 08 10 46 28.79  34.73   73.10   8.00  6.40
2005 10 15 10 06 17.01  46.82  154.11  42.80  6.10
2005 10 15 15 51 08.13  25.31  123.35 192.00  6.40
2005 10 19 11 44 42.79  36.41  140.84  32.00  6.30
2005 10 29 04 05 56.04 -45.21   96.90   8.00  6.50
2005 11 05 10 48 21.22  -3.15  148.14  25.00  6.40
2005 11 14 21 38 51.42  38.11  144.90  11.00  7.00
2005 11 17 19 26 54.49 -22.36  -67.89 147.00  6.80
2005 11 19 14 10 13.03   2.16   96.79  21.00  6.50
2005 11 20 12 53 02.95  53.84 -164.09  30.00  6.20
2005 11 21 15 36 30.98  31.02  130.00 145.00  6.10
2005 11 22 15 11 31.58  -5.15  145.28  68.00  6.20
2005 11 28 16 41 28.14  20.29  146.06  11.00  6.00
2005 11 30 16 53 42.47   6.27  124.03  13.00  6.40
2005 12 02 13 13 09.52  38.09  142.12  29.00  6.50
2005 12 05 12 19 56.62  -6.22   29.83  22.00  6.80
2005 12 07 23 32 51.55 -30.01 -177.64  21.00  6.40
2005 12 08 09 01 27.11  -5.41  146.95 216.80  6.10
2005 12 11 14 20 45.00  -6.58  152.22  17.00  6.60
2005 12 12 21 47 46.07  36.36   71.09 224.60  6.50
2005 12 13 03 16 06.38 -15.27 -178.57  10.00  6.70
2005 12 16 18 32 16.42  38.51  141.90  42.90  6.00
2005 12 20 05 51 12.56  12.23  141.00  22.80  6.10
2005 12 21 07 09 05.17  -0.07  124.67  25.00  6.30
2005 12 21 14 32 38.91   6.64  -82.75   7.00  6.00
2005 12 22 12 20 02.94 -54.72 -135.87  10.00  6.30
2005 12 23 21 47 28.00  -1.39  -77.52 192.90  6.10
2005 12 30 18 26 43.90   7.53  -82.27  10.00  6.10
2006 01 02 06 10 49.76 -60.96  -21.61  13.00  7.40
2006 01 02 22 13 40.49 -19.93 -178.18 582.90  7.20
2006 01 04 08 32 32.40  28.16 -112.12  14.00  6.60
2006 01 06 03 39 58.55   6.63  -82.34   7.40  6.10
2006 01 08 11 34 55.64  36.31   23.21  66.00  6.70
2006 01 15 11 58 29.12  -7.83  122.60 264.80  6.10
2006 01 23 06 02 58.14 -17.39  167.72  23.00  6.40
2006 01 23 20 50 44.98   6.86  -77.79  14.00  6.20
2006 01 27 16 58 53.67  -5.47  128.13 397.00  7.60
2006 02 02 12 48 43.44 -17.75 -178.39 597.50  6.70
2006 02 03 20 34 10.98  11.86   92.37  19.00  6.10
2006 02 14 15 27 23.34  20.82  146.18  40.00  6.30
2006 02 18 15 59 22.09  -5.19  152.05  44.20  6.20
2006 02 22 22 19 07.80 -21.32   33.58  11.00  7.00
2006 02 23 04 04 05.02 -54.67    1.76  10.00  6.20
2006 02 24 14 15 45.21 -18.00 -179.59 622.40  6.10
2006 02 26 03 08 27.81 -23.61 -179.99 535.20  6.40
2006 02 26 04 18 42.11 -15.28 -176.24  32.50  6.00
2006 02 28 07 31 02.65  28.12   56.87  18.00  6.00
2006 03 03 23 36 27.98 -55.70   -4.23  10.00  6.00
2006 03 05 08 07 56.57 -20.12 -175.66 205.80  6.10
2006 03 06 18 13 08.43 -40.10   78.49  10.00  6.20
2006 03 07 06 28 55.05 -14.80  167.37 136.20  6.20
2006 03 09 17 55 55.35   0.79  -26.12  10.00  6.00
2006 03 10 10 12 18.63 -60.42  -46.51  10.00  6.10
2006 03 14 06 57 33.86  -3.60  127.21  30.10  6.70
2006 03 24 12 27 05.38  -3.25  143.14  12.00  6.10
2006 03 24 17 46 49.78 -16.89  174.50  10.00  6.00
2006 03 31 01 17 00.96  33.50   48.78   7.00  6.10
2006 03 31 13 21 00.25 -29.43 -176.77  13.00  6.50
2006 03 31 21 14 45.20   3.80  126.34  37.00  6.20
2006 04 01 10 02 19.57  22.87  121.28   9.00  6.10
2006 04 04 02 30 28.39  18.72 -106.99  33.50  6.00
2006 04 07 08 30 44.63 -16.53  176.99  14.00  6.50
2006 04 12 01 06 58.69  56.40  163.99  28.80  6.00
2006 04 15 23 50 14.72 -29.77  -72.00  19.80  6.00
2006 04 17 23 49 56.87 -12.47  166.51  16.00  6.10
2006 04 19 20 36 46.40   2.64   93.23  17.00  6.20
2006 04 20 23 25 02.15  60.95  167.09  22.00  7.60
2006 04 20 23 28 03.90  60.87  167.01  10.00  6.10
2006 04 21 04 32 43.82  60.53  165.82   9.00  6.40
2006 04 21 11 14 15.33  61.35  167.53  12.00  6.10
2006 04 25 18 26 17.15   1.99   97.00  21.00  6.30
2006 04 26 01 46 03.86 -57.48  147.57  10.00  6.10
2006 04 29 16 58 06.32  60.49  167.52  11.00  6.60
2006 04 30 08 17 34.86 -15.10  167.44 127.70  6.10
2006 04 30 19 17 14.98 -27.02  -71.02  12.00  6.70
2006 04 30 19 33 18.94 -15.52 -173.10  10.00  6.00
2006 04 30 21 40 58.44 -27.21  -71.06  12.00  6.50
2006 05 03 15 26 40.29 -20.19 -174.12  55.00  8.00
2006 05 04 11 25 26.05 -20.58 -174.04  11.00  6.00
2006 05 06 18 26 50.54 -38.62   78.57  10.00  6.00
2006 05 07 14 17 35.17 -36.80   78.55  10.00  6.10
2006 05 10 02 42 51.03  52.52 -169.26  18.00  6.40
2006 05 16 10 39 23.34 -31.81 -179.31 152.00  7.40
2006 05 16 15 28 25.92   0.09   97.05  12.00  6.80
2006 05 17 03 06 16.36 -20.63 -173.95  11.00  6.00
2006 05 19 14 44 24.90  -0.14  124.71  35.00  6.30
2006 05 21 02 07 36.43   1.55  -85.31  10.00  6.00
2006 05 22 11 12 00.80  60.77  165.74  19.00  6.60
2006 05 22 13 08 02.95  54.27  158.45 197.00  6.20
2006 05 22 20 53 57.41  -4.71  126.81   2.80  6.10
2006 05 26 22 53 58.92  -7.96  110.45  12.50  6.30
2006 05 28 03 12 08.76  -5.72  151.13  34.00  6.50
2006 06 02 07 31 36.46 -20.84 -178.70 591.60  6.00
2006 06 05 06 27 07.96   1.18  -28.07  10.00  6.00
2006 06 09 05 58 27.77 -17.53 -178.75 564.40  6.10
2006 06 11 20 01 26.35  33.13  131.15 140.00  6.30
2006 06 14 04 18 42.51  51.75  177.08  14.00  6.50
2006 06 14 04 46 42.42  51.95  177.13  29.10  6.00
2006 06 18 18 28 02.10  33.03  -39.70   9.00  6.00
2006 06 21 12 34 52.68   6.94   92.45  16.00  6.00
2006 06 22 10 53 11.57  45.42  149.34  95.00  6.00
2006 06 24 21 15 00.92  -0.39  123.20  26.00  6.30
2006 06 27 02 39 32.90  52.23  176.16  17.00  6.20
2006 06 27 02 59 15.31 -19.86 -178.29 569.90  6.30
2006 06 27 18 07 22.74   6.50   92.79  28.80  6.30
2006 07 07 07 26 12.53 -15.24 -173.61  35.00  6.00
2006 07 08 20 40 00.98  51.21 -179.31  22.00  6.60
2006 07 16 11 42 41.41 -28.71  -72.54  10.00  6.20
2006 07 17 08 19 26.68  -9.28  107.42  20.00  7.70
2006 07 17 09 13 04.96  -9.09  107.76  10.00  6.00
2006 07 17 15 45 59.82  -9.42  108.32  21.00  6.10
2006 07 19 10 57 36.88  -6.54  105.39  45.00  6.10
2006 07 19 11 48 58.29  -5.47  150.68  28.20  6.40
2006 07 23 08 22 04.16  -0.34  123.29  28.00  6.00
2006 07 27 11 16 40.37   1.71   97.15  20.00  6.30
2006 08 07 22 18 55.09 -15.80  167.79 150.00  6.80
2006 08 11 14 30 40.15  18.54 -101.05  56.00  6.10
2006 08 11 20 54 14.37   2.40   96.35  22.00  6.20
2006 08 15 23 53 46.77 -21.19 -176.25 154.00  6.10
2006 08 20 03 01 02.41  49.82  156.42  26.00  6.00
2006 08 20 03 41 48.04 -61.03  -34.37  13.00  7.00
2006 08 24 21 50 36.65  51.15  157.52  43.00  6.50
2006 08 25 00 44 46.16 -24.40  -67.03 184.00  6.60
2006 09 01 10 18 51.60  -6.76  155.51  38.00  6.80
2006 09 09 04 13 12.06  -7.22  120.11 572.00  6.30
2006 09 12 13 30 55.66 -28.94  -68.90 114.00  6.00
2006 09 16 09 45 23.91  -3.08  129.44  17.00  6.30
2006 09 17 09 34 13.58 -31.73  -67.14 137.00  6.20
2006 09 21 18 54 50.05  -9.05  110.37  25.00  6.00
2006 09 22 02 32 25.64 -26.87  -63.15 598.30  6.00
2006 09 28 06 22 09.73 -16.59 -172.03  28.00  6.90
2006 09 29 13 08 26.16  10.88  -61.76  53.00  6.10
2006 09 30 16 26 56.12 -15.59  -73.16 107.00  6.00
2006 09 30 17 50 23.05  46.35  153.17  11.00  6.60
2006 09 30 17 56 16.10  46.19  153.17  10.00  6.00
2006 10 01 09 06 02.32  46.47  153.24  19.00  6.50
2006 10 03 18 03 13.43 -18.84  169.00 161.00  6.30
2006 10 09 10 01 47.40  20.65  120.02  14.00  6.30
2006 10 10 08 02 51.95 -56.10 -122.37  10.00  6.00
2006 10 10 23 58 04.00  37.20  142.66   9.00  6.00
2006 10 12 18 05 56.57 -31.26  -71.37  31.00  6.40
2006 10 15 17 07 49.22  19.88 -155.94  39.06  6.70
2006 10 15 17 14 12.07  20.13 -155.99  18.92  6.00
2006 10 17 01 25 12.23  -5.88  150.98  32.00  6.70
2006 10 18 10 45 32.93 -15.05  167.27 115.00  6.40
2006 10 20 10 48 56.01 -13.46  -76.68  23.00  6.70
2006 10 22 08 55 16.76 -45.73   95.99  10.00  6.10
2006 10 23 21 17 19.98  29.35  140.27  11.00  6.40
2006 10 24 03 03 45.28   4.90  125.30  10.00  6.10
2006 10 26 22 54 32.32 -13.37  -76.62  28.10  6.00
2006 11 06 20 56 51.11  -5.45  146.64 133.20  6.00
2006 11 07 17 38 33.80  -6.48  151.20  11.00  6.60
2006 11 12 18 21 26.14  -6.22  151.05  12.00  6.20
2006 11 13 01 26 35.87 -26.05  -63.28 572.00  6.80
2006 11 13 16 12 28.98  -6.38  151.23  11.00  6.20
2006 11 14 14 21 01.32  -6.39  128.00 345.00  6.10
2006 11 15 11 14 13.57  46.59  153.27  10.00  8.30
2006 11 15 11 25 09.00  47.52  152.65  10.00  6.00
2006 11 15 11 28 38.46  46.09  154.10  10.00  6.00
2006 11 15 11 29 22.79  46.37  154.48  10.00  6.20
2006 11 15 11 34 58.13  46.65  155.31  10.00  6.40
2006 11 15 11 40 55.05  46.48  154.73  10.00  6.70
2006 11 15 19 25 25.99  47.01  154.98  10.00  6.00
2006 11 16 06 20 20.77  46.36  154.47   9.00  6.00
2006 11 16 20 29 54.97 -52.00  139.47  10.00  6.10
2006 11 17 18 03 12.26  28.59  129.90  22.00  6.20
2006 11 19 18 57 33.59  -4.52 -104.83  10.00  6.10
2006 11 29 01 32 17.92   2.52  128.28  39.00  6.20
2006 11 30 11 33 17.02 -21.30 -174.68  13.50  6.00
2006 11 30 21 20 11.59 -53.84 -134.36  10.00  6.20
2006 12 01 03 58 21.65   3.39   99.08 204.00  6.30
2006 12 01 14 01 44.26  -8.26  118.75  19.00  6.30
2006 12 03 20 52 15.91  13.99  -91.21  61.20  6.00
2006 12 07 19 10 21.85  46.15  154.39  16.00  6.40
2006 12 12 15 48 03.27   3.73  124.68 213.50  6.30
2006 12 22 19 50 44.63  10.65   92.36  24.00  6.20
2006 12 26 12 26 21.14  21.80  120.55  10.00  7.10
2006 12 26 12 34 13.80  21.97  120.49  10.00  6.90
2006 12 26 15 19 45.21  48.32  154.84  10.00  6.00
2006 12 27 20 15 38.64  -5.72  154.42 355.00  6.00
2006 12 30 08 30 49.79  13.31   51.37  15.00  6.60
2007 01 08 12 48 40.51   8.08   92.44  11.00  6.10
2007 01 08 17 21 49.91  39.80   70.31  16.00  6.00
2007 01 08 20 52 20.64 -18.58 -177.85 406.80  6.30
2007 01 11 14 31 20.74  -3.65  127.28  13.00  6.00
2007 01 13 04 23 21.16  46.24  154.52  10.00  8.10
2007 01 13 17 37 06.31  46.91  156.28  10.00  6.00
2007 01 17 04 28 26.66  -3.32  139.83 100.80  6.00
2007 01 17 23 18 49.80  10.12   58.71   8.00  6.20
2007 01 20 06 21 04.56 -55.42  -29.53  10.00  6.20
2007 01 21 11 27 45.06   1.06  126.28  22.00  7.50
2007 01 21 17 32 55.52   1.06  126.35  23.00  6.20
2007 01 25 10 59 17.65  22.56  121.93  36.20  6.00
2007 01 30 04 54 50.57 -54.74  146.30  11.00  6.90
2007 01 30 21 37 44.37  20.98  144.71  20.00  6.60
2007 01 31 03 15 52.29 -29.78 -178.00  34.00  6.50
2007 02 04 20 56 59.13  19.37  -78.52  10.00  6.20
2007 02 04 21 17 46.79 -55.88 -122.72  10.00  6.20
2007 02 12 10 35 22.75  35.80  -10.31  20.00  6.00
2007 02 12 12 45 31.70   5.56  126.07  24.00  6.10
2007 02 17 00 02 56.76  41.79  143.55  31.00  6.00
2007 02 20 08 04 25.28  -1.03  126.98  12.00  6.70
2007 02 20 14 25 26.34  -1.03  126.98  11.00  6.00
2007 02 24 02 36 23.65  -7.01  -80.48  23.00  6.30
2007 02 28 23 13 15.61 -55.24  -29.14  10.00  6.20
2007 03 01 23 11 52.07  26.58  -44.59  10.00  6.00
2007 03 06 03 49 38.90  -0.49  100.50  19.00  6.40
2007 03 06 05 49 25.43  -0.49  100.53  11.00  6.30
2007 03 08 05 03 32.26  29.91  140.20 139.60  6.10
2007 03 08 11 14 31.51 -58.22   -7.62  10.00  6.20
2007 03 09 03 22 42.76  43.22  133.53 441.20  6.00
2007 03 13 02 59 04.40  26.26 -110.54  26.10  6.00
2007 03 17 17 42 26.29   1.13  126.22  35.00  6.20
2007 03 17 22 43 09.62   4.55  -78.54  10.00  6.00
2007 03 18 02 11 05.30   4.58  -78.49   7.00  6.20
2007 03 25 00 40 01.61 -20.62  169.36  34.00  7.10
2007 03 25 00 41 57.82  37.34  136.59   8.00  6.70
2007 03 25 01 08 19.05 -20.75  169.35  35.00  6.90
2007 03 31 12 49 03.71 -56.08 -123.27  10.00  6.20
2007 04 01 20 39 58.71  -8.47  157.04  24.00  8.10
2007 04 01 20 46 19.35  -9.51  156.93  24.30  6.10
2007 04 01 20 47 31.31  -7.17  155.78  10.00  6.60
2007 04 01 21 11 33.15  -7.31  155.74  10.00  6.90
2007 04 01 21 15 22.70  -7.30  155.68  10.00  6.00
2007 04 02 02 49 35.90 -45.38  -73.06   4.90  6.10
2007 04 02 10 49 17.72  -7.22  156.24  34.00  6.10
2007 04 02 12 02 23.34  -8.71  157.62  14.00  6.20
2007 04 02 23 20 23.27  -8.62  157.39  18.00  6.20
2007 04 03 03 35 07.28  36.45   70.69 222.10  6.20
2007 04 03 12 04 27.37  -7.86  155.80   8.00  6.10
2007 04 03 20 26 09.59 -20.63  168.99  12.00  6.20
2007 04 04 00 39 43.95  -7.14  156.05  10.00  6.00
2007 04 04 06 34 35.96  -7.76  156.49  17.00  6.40
2007 04 04 11 00 27.94 -20.71  168.83  13.00  6.20
2007 04 04 11 02 29.62 -20.69  169.06  10.00  6.50
2007 04 05 03 56 50.48  37.31  -24.62  14.00  6.30
2007 04 07 07 09 25.37  37.31  -24.49   8.00  6.10
2007 04 07 09 51 51.62   2.92   95.70  30.00  6.10
2007 04 12 18 24 49.03 -61.83  160.96  10.00  6.00
2007 04 13 05 42 23.03  17.30 -100.20  34.00  6.00
2007 04 13 18 24 19.16 -35.05 -108.84  10.00  6.10
2007 04 16 13 20 38.23 -58.02  147.96  10.00  6.40
2007 04 20 00 26 40.60  25.72  125.09  10.00  6.10
2007 04 20 01 45 56.11  25.71  125.11   9.00  6.30
2007 04 20 02 23 34.04  25.62  125.04  11.10  6.00
2007 04 21 07 12 48.06  -3.55  151.27 407.40  6.10
2007 04 21 17 20 31.93 -13.84  166.84  40.70  6.10
2007 04 21 17 53 46.31 -45.24  -72.65  36.70  6.20
2007 04 25 13 34 14.23 -14.29  166.86  55.00  6.40
2007 04 28 14 02 37.91 -60.79  -20.21  10.00  6.10
2007 04 29 12 41 57.39  52.01 -179.97 117.00  6.20
2007 05 04 12 06 51.75  -1.41  -14.92   7.00  6.20
2007 05 05 08 51 39.09  34.25   81.97   9.00  6.10
2007 05 06 21 11 52.50 -19.40 -179.35 676.40  6.50
2007 05 06 22 01 08.92 -19.41 -179.31 688.00  6.10
2007 05 07 11 15 16.23 -44.85  -80.45  10.00  6.10
2007 05 16 08 56 14.12  20.50  100.73   9.00  6.30
2007 05 17 19 29 10.25 -30.66 -178.20  40.70  6.00
2007 05 29 01 03 27.92  -4.59  151.84 132.50  6.10
2007 05 29 09 36 05.60  -1.06  127.34  24.00  6.10
2007 05 30 20 22 12.66  52.14  157.29 116.00  6.40
2007 06 02 21 34 57.78  23.03  101.05   5.00  6.10
2007 06 07 00 40 38.13  -3.32  146.76   4.70  6.20
2007 06 13 19 29 40.18  13.55  -90.62  23.00  6.70
2007 06 18 06 18 45.68  -3.55  150.96   9.00  6.30
2007 06 24 00 25 18.40 -55.65   -2.63  10.00  6.50
2007 06 26 22 23 03.04 -10.49  108.15  10.00  6.00
2007 06 28 02 52 10.99  -7.98  154.64  18.00  6.70
2007 07 03 08 26 00.81   0.71  -30.27  10.00  6.30
2007 07 06 01 09 19.00  16.35  -93.99 113.00  6.10
2007 07 12 05 23 49.34  -7.93  -74.38 152.10  6.10
2007 07 13 21 54 43.11  51.84 -176.28  35.00  6.00
2007 07 15 09 27 34.48 -15.38  168.60   8.00  6.10
2007 07 15 13 08 01.68  52.49 -168.03  15.00  6.10
2007 07 16 01 13 22.37  37.53  138.45  12.00  6.60
2007 07 16 14 17 37.34  36.81  134.85 350.40  6.80
2007 07 17 09 39 27.81 -26.21 -177.74  10.00  6.10
2007 07 18 00 07 35.46 -26.30 -177.74  10.00  6.10
2007 07 21 13 27 04.41  -8.13  -71.27 644.90  6.10
2007 07 21 15 34 52.60 -22.15  -65.78 289.50  6.40
2007 07 25 23 37 31.52   7.16   92.52  15.00  6.10
2007 07 26 05 40 16.10   2.87  127.46  25.00  6.90
2007 07 27 14 46 26.88 -21.46  170.94  10.00  6.10
2007 07 31 22 55 31.12  -0.16  -17.80  11.00  6.20
2007 08 01 17 08 51.40 -15.60  167.68 120.00  7.20
2007 08 02 02 37 42.38  47.12  141.80   5.00  6.20
2007 08 02 03 21 42.82  51.31 -179.97  21.00  6.70
2007 08 04 14 24 51.68  -4.80 -105.41  10.00  6.00
2007 08 05 09 28 40.42 -19.15  168.72  45.10  6.00
2007 08 08 17 04 57.84  -5.93  107.68 291.20  6.10
2007 08 08 17 05 04.92  -5.86  107.42 280.00  7.50
2007 08 12 12 05 19.85 -11.38  166.27  42.00  6.00
2007 08 13 10 27 23.07 -60.55  153.78  10.00  6.10
2007 08 15 20 22 11.12  50.32 -177.55   9.00  6.40
2007 08 15 23 40 57.89 -13.39  -76.60  39.00  8.00
2007 08 16 05 16 56.15 -14.28  -76.13  23.40  6.30
2007 08 16 08 39 27.61  -9.83  159.47  10.00  6.40
2007 08 16 11 35 30.33 -14.35  -76.13  35.00  6.00
2007 08 17 03 04 03.09  -5.26  129.43  10.00  6.40
2007 08 18 02 52 35.40 -13.80  -76.29  30.00  6.00
2007 08 20 13 46 17.41   6.13  127.38   8.00  6.40
2007 08 20 22 42 29.18   8.04  -39.25  10.00  6.50
2007 08 26 12 37 31.19 -17.46 -174.34 127.40  6.10
2007 09 01 19 14 22.81  24.91 -109.69  10.00  6.10
2007 09 02 01 05 18.15 -11.61  165.76  35.00  7.20
2007 09 03 16 14 53.57  45.84  150.06  94.00  6.20
2007 09 06 17 51 26.19  24.34  122.22  53.00  6.20
2007 09 10 01 49 14.22   2.98  -77.97  31.00  6.80
2007 09 12 11 10 26.83  -4.44  101.37  34.00  8.40
2007 09 12 23 49 03.72  -2.62  100.84  35.00  7.90
2007 09 13 03 35 28.72  -2.13   99.63  22.00  7.00
2007 09 13 09 48 46.44   3.80  126.34  35.00  6.30
2007 09 13 16 09 16.39  -3.16  101.53  48.80  6.00
2007 09 14 06 01 32.27  -4.08  101.17  23.00  6.20
2007 09 19 07 27 50.70  -2.75  100.89  35.00  6.00
2007 09 20 08 31 14.49  -2.00  100.14  30.00  6.70
2007 09 25 05 16 01.12 -30.96  180.00 416.70  6.20
2007 09 26 12 36 26.89  -4.99  153.50  40.00  6.70
2007 09 26 15 43 01.44  -1.79   99.49  26.00  6.00
2007 09 27 19 57 44.00 -21.10  169.28   9.00  6.10
2007 09 28 01 01 48.85 -21.20  169.36  10.00  6.30
2007 09 28 01 35 51.97 -21.13  169.37  10.00  6.50
2007 09 28 13 38 59.55  22.00  142.65 276.10  7.40
2007 09 30 02 08 30.17  10.45  145.72  14.00  6.90
2007 09 30 05 23 34.07 -49.27  164.12  10.00  7.40
2007 09 30 09 47 51.97 -49.14  164.11  18.00  6.60
2007 10 02 18 00 06.87  54.51 -161.71  32.00  6.30
2007 10 04 12 40 31.13   2.54   92.90  35.00  6.20
2007 10 05 07 17 52.81 -25.19  179.46 509.40  6.50
2007 10 06 12 38 51.34  18.73  147.14  35.00  6.10
2007 10 09 15 03 41.21  -4.81  152.89  39.00  6.00
2007 10 10 00 19 16.79  -1.74   99.48  27.30  6.00
2007 10 13 17 45 53.18 -21.23  169.20  37.00  6.10
2007 10 15 12 29 36.01 -44.78  167.58  25.70  6.80
2007 10 15 21 28 23.68 -44.79  167.46  19.00  6.10
2007 10 16 21 05 43.27 -25.77  179.53 509.30  6.60
2007 10 21 10 24 52.06  -6.31  154.77  46.30  6.00
2007 10 24 21 02 50.48  -3.90  101.02  20.00  6.80
2007 10 25 13 50 02.62  46.01  154.23  10.00  6.10
2007 10 31 03 30 17.66  18.90  145.36 223.20  7.20
2007 10 31 13 44 19.76  51.42 -178.38  28.00  6.00
2007 11 02 22 31 43.88 -55.47 -128.97  10.00  6.10
2007 11 10 01 13 29.35 -51.78  161.32  10.00  6.50
2007 11 14 15 40 50.53 -22.25  -69.89  40.00  7.70
2007 11 15 15 03 08.75 -22.87  -70.41  27.00  6.10
2007 11 15 15 05 58.35 -22.93  -70.24  26.00  6.80
2007 11 16 03 13 00.12  -2.31  -77.84 122.90  6.80
2007 11 18 05 40 12.04 -22.64  -66.32 246.40  6.00
2007 11 19 00 52 12.51 -21.18 -178.75 558.30  6.30
2007 11 20 12 52 59.03  -6.91  155.67  52.60  6.00
2007 11 20 17 55 54.52 -22.92  -70.48  35.00  6.10
2007 11 22 08 48 27.53  -5.76  147.10  53.00  6.70
2007 11 25 16 02 17.90  -8.28  118.34  35.00  6.50
2007 11 25 17 41 38.04  -2.24  100.41  35.00  6.00
2007 11 25 19 53 07.96  -8.22  118.45  35.00  6.50
2007 11 27 11 49 58.01 -10.95  162.15  16.00  6.60
2007 11 29 03 26 22.69 -36.76  -97.40  10.00  6.30
2007 11 29 19 00 19.65  14.97  -61.26 147.50  7.40
2007 12 09 07 28 20.82 -26.00 -177.51 152.50  7.80
2007 12 13 05 20 22.96 -23.14  -70.47  21.60  6.00
2007 12 13 07 23 40.40 -23.20  -70.55  19.00  6.20
2007 12 13 15 51 26.04 -15.21 -172.37  10.00  6.10
2007 12 15 08 03 15.79  -7.53  127.47 175.90  6.00
2007 12 15 09 39 52.89  -6.61  131.09  50.70  6.40
2007 12 16 08 09 17.93 -22.95  -70.18  45.00  6.70
2007 12 19 09 30 27.26  51.36 -179.52  29.40  7.10
2007 12 20 07 55 15.84 -39.01  178.29  20.00  6.60
2007 12 21 07 24 34.74  51.36 -178.98  30.00  6.20
2007 12 22 07 11 09.12  -2.42  139.06  27.00  6.10
2007 12 25 14 04 34.73  38.50  142.03  48.40  6.10
2007 12 26 22 04 56.19  52.58 -168.20  35.40  6.40
