2.002000000000000000e+03 3.000000000000000000e+00 2.800000000000000000e+01 4.000000000000000000e+00 5.600000000000000000e+01 2.239999999999999858e+01 -2.166000000000000014e+01 -6.832999999999999829e+01 1.250999999999999943e+02 6.500000000000000000e+00
2.002000000000000000e+03 4.000000000000000000e+00 1.000000000000000000e+00 1.900000000000000000e+01 5.900000000000000000e+01 3.247999999999999687e+01 -2.967000000000000171e+01 -7.137999999999999545e+01 7.100000000000000000e+01 6.400000000000000355e+00
2.002000000000000000e+03 4.000000000000000000e+00 1.800000000000000000e+01 1.600000000000000000e+01 8.000000000000000000e+00 3.678000000000000114e+01 -2.753999999999999915e+01 -7.059000000000000341e+01 6.200000000000000000e+01 6.700000000000000178e+00
2.002000000000000000e+03 5.000000000000000000e+00 2.300000000000000000e+01 1.500000000000000000e+01 5.200000000000000000e+01 1.527999999999999936e+01 -3.075000000000000000e+01 -7.120000000000000284e+01 5.210000000000000142e+01 6.000000000000000000e+00
2.002000000000000000e+03 5.000000000000000000e+00 2.800000000000000000e+01 4.000000000000000000e+00 4.000000000000000000e+00 2.253000000000000114e+01 -2.894000000000000128e+01 -6.679999999999999716e+01 2.219999999999999929e+01 6.000000000000000000e+00
2.002000000000000000e+03 6.000000000000000000e+00 1.800000000000000000e+01 1.300000000000000000e+01 5.600000000000000000e+01 2.282999999999999829e+01 -3.080000000000000071e+01 -7.112000000000000455e+01 5.400000000000000000e+01 6.599999999999999645e+00
2.002000000000000000e+03 9.000000000000000000e+00 2.400000000000000000e+01 3.000000000000000000e+00 5.700000000000000000e+01 2.228000000000000114e+01 -3.151999999999999957e+01 -6.920000000000000284e+01 1.195999999999999943e+02 6.299999999999999822e+00
2.002000000000000000e+03 1.000000000000000000e+01 1.200000000000000000e+01 2.000000000000000000e+01 9.000000000000000000e+00 1.146000000000000085e+01 -8.289999999999999147e+00 -7.173999999999999488e+01 5.342999999999999545e+02 6.900000000000000355e+00
2.002000000000000000e+03 1.100000000000000000e+01 1.500000000000000000e+01 1.900000000000000000e+01 5.800000000000000000e+01 3.178000000000000114e+01 -5.604999999999999716e+01 -3.639999999999999858e+01 1.000000000000000000e+01 6.599999999999999645e+00
2.003000000000000000e+03 4.000000000000000000e+00 1.100000000000000000e+01 6.000000000000000000e+00 1.200000000000000000e+01 5.457999999999999829e+01 7.030000000000000249e+00 -8.234999999999999432e+01 1.000000000000000000e+01 6.200000000000000178e+00
2.003000000000000000e+03 4.000000000000000000e+00 2.700000000000000000e+01 2.200000000000000000e+01 5.700000000000000000e+01 4.484000000000000341e+01 -8.199999999999999289e+00 -7.159000000000000341e+01 5.598999999999999773e+02 6.000000000000000000e+00
2.003000000000000000e+03 6.000000000000000000e+00 3.000000000000000000e+00 2.300000000000000000e+01 5.800000000000000000e+01 2.740000000000000213e+00 -1.735999999999999943e+01 -7.281000000000000227e+01 3.300000000000000000e+01 6.000000000000000000e+00
2.003000000000000000e+03 6.000000000000000000e+00 2.000000000000000000e+01 6.000000000000000000e+00 1.900000000000000000e+01 3.890999999999999659e+01 -7.610000000000000320e+00 -7.171999999999999886e+01 5.581000000000000227e+02 7.099999999999999645e+00
2.003000000000000000e+03 6.000000000000000000e+00 2.000000000000000000e+01 1.300000000000000000e+01 3.000000000000000000e+01 4.164000000000000057e+01 -3.060999999999999943e+01 -7.164000000000000057e+01 3.300000000000000000e+01 6.799999999999999822e+00
2.003000000000000000e+03 7.000000000000000000e+00 2.700000000000000000e+01 1.100000000000000000e+01 4.100000000000000000e+01 2.705000000000000071e+01 -2.012999999999999901e+01 -6.518999999999999773e+01 3.453000000000000114e+02 6.000000000000000000e+00
2.003000000000000000e+03 1.100000000000000000e+01 5.000000000000000000e+00 0.000000000000000000e+00 5.800000000000000000e+01 5.110999999999999943e+01 4.969999999999999751e+00 -7.776999999999999602e+01 3.300000000000000000e+01 6.000000000000000000e+00
2.004000000000000000e+03 1.000000000000000000e+00 1.600000000000000000e+01 1.800000000000000000e+01 7.000000000000000000e+00 5.565999999999999659e+01 7.639999999999999680e+00 -3.770000000000000284e+01 1.000000000000000000e+01 6.200000000000000178e+00
2.004000000000000000e+03 3.000000000000000000e+00 8.000000000000000000e+00 2.300000000000000000e+01 3.900000000000000000e+01 1.133999999999999986e+01 1.048000000000000043e+01 -4.392000000000000171e+01 1.000000000000000000e+01 6.000000000000000000e+00
2.004000000000000000e+03 3.000000000000000000e+00 1.700000000000000000e+01 3.000000000000000000e+00 2.100000000000000000e+01 7.910000000000000142e+00 -2.112000000000000099e+01 -6.559000000000000341e+01 2.898000000000000114e+02 6.099999999999999645e+00
2.004000000000000000e+03 5.000000000000000000e+00 3.000000000000000000e+00 4.000000000000000000e+00 3.600000000000000000e+01 5.003999999999999915e+01 -3.770000000000000284e+01 -7.340999999999999659e+01 2.100000000000000000e+01 6.599999999999999645e+00
2.004000000000000000e+03 6.000000000000000000e+00 1.500000000000000000e+01 1.100000000000000000e+01 1.600000000000000000e+01 3.150000000000000000e+01 -3.885000000000000142e+01 -7.315999999999999659e+01 3.779999999999999716e+01 6.099999999999999645e+00
2.004000000000000000e+03 8.000000000000000000e+00 2.800000000000000000e+01 1.300000000000000000e+01 4.100000000000000000e+01 2.560000000000000142e+01 -3.517000000000000171e+01 -7.053000000000000114e+01 5.000000000000000000e+00 6.500000000000000000e+00
2.004000000000000000e+03 9.000000000000000000e+00 7.000000000000000000e+00 1.100000000000000000e+01 5.300000000000000000e+01 6.110000000000000320e+00 -2.857000000000000028e+01 -6.584000000000000341e+01 2.230000000000000071e+01 6.400000000000000355e+00
2.004000000000000000e+03 1.100000000000000000e+01 1.200000000000000000e+01 6.000000000000000000e+00 3.600000000000000000e+01 1.676000000000000156e+01 -2.669999999999999929e+01 -6.332000000000000028e+01 5.687000000000000455e+02 6.099999999999999645e+00
2.004000000000000000e+03 1.100000000000000000e+01 1.500000000000000000e+01 9.000000000000000000e+00 6.000000000000000000e+00 5.656000000000000227e+01 4.700000000000000178e+00 -7.751000000000000512e+01 1.500000000000000000e+01 7.200000000000000178e+00
2.005000000000000000e+03 1.000000000000000000e+00 2.100000000000000000e+01 1.300000000000000000e+01 4.500000000000000000e+01 1.406000000000000050e+01 -1.129999999999999893e+00 -8.082999999999999829e+01 1.000000000000000000e+01 6.000000000000000000e+00
2.005000000000000000e+03 1.000000000000000000e+00 2.400000000000000000e+01 2.300000000000000000e+01 2.300000000000000000e+01 2.612000000000000099e+01 -1.360000000000000098e+00 -8.078000000000000114e+01 1.689999999999999858e+01 6.099999999999999645e+00
2.005000000000000000e+03 1.000000000000000000e+00 2.800000000000000000e+01 9.000000000000000000e+00 2.600000000000000000e+01 1.882999999999999829e+01 -1.179999999999999938e+00 -8.150000000000000000e+01 1.000000000000000000e+01 6.099999999999999645e+00
2.005000000000000000e+03 1.000000000000000000e+00 2.800000000000000000e+01 1.500000000000000000e+01 4.600000000000000000e+01 4.527000000000000313e+01 -1.090000000000000080e+00 -8.115999999999999659e+01 1.000000000000000000e+01 6.200000000000000178e+00
2.005000000000000000e+03 3.000000000000000000e+00 2.100000000000000000e+01 1.200000000000000000e+01 2.300000000000000000e+01 5.409000000000000341e+01 -2.498000000000000043e+01 -6.346999999999999886e+01 5.791000000000000227e+02 6.900000000000000355e+00
2.005000000000000000e+03 3.000000000000000000e+00 2.100000000000000000e+01 1.200000000000000000e+01 4.300000000000000000e+01 1.235999999999999943e+01 -2.473000000000000043e+01 -6.350999999999999801e+01 5.701000000000000227e+02 6.400000000000000355e+00
2.005000000000000000e+03 4.000000000000000000e+00 1.100000000000000000e+01 1.400000000000000000e+01 5.400000000000000000e+01 7.030000000000000249e+00 -7.290000000000000036e+00 -7.789000000000000057e+01 1.299000000000000057e+02 6.000000000000000000e+00
2.005000000000000000e+03 5.000000000000000000e+00 2.100000000000000000e+01 5.000000000000000000e+00 1.100000000000000000e+01 3.539000000000000057e+01 -3.290000000000000036e+00 -8.098999999999999488e+01 3.950000000000000000e+01 6.299999999999999822e+00
2.005000000000000000e+03 6.000000000000000000e+00 2.000000000000000000e+00 1.000000000000000000e+01 5.600000000000000000e+01 1.649999999999999911e+00 -2.421999999999999886e+01 -6.700000000000000000e+01 1.961999999999999886e+02 6.099999999999999645e+00
2.005000000000000000e+03 6.000000000000000000e+00 1.300000000000000000e+01 2.200000000000000000e+01 4.400000000000000000e+01 3.389999999999999858e+01 -1.998999999999999844e+01 -6.920000000000000284e+01 1.155999999999999943e+02 7.799999999999999822e+00
2.005000000000000000e+03 6.000000000000000000e+00 1.500000000000000000e+01 1.900000000000000000e+01 5.200000000000000000e+01 2.482000000000000028e+01 -4.486999999999999744e+01 -8.056000000000000227e+01 1.000000000000000000e+01 6.400000000000000355e+00
2.005000000000000000e+03 8.000000000000000000e+00 2.700000000000000000e+01 1.800000000000000000e+01 3.800000000000000000e+01 2.094000000000000128e+01 6.820000000000000284e+00 -8.243000000000000682e+01 1.000000000000000000e+01 6.099999999999999645e+00
2.005000000000000000e+03 9.000000000000000000e+00 2.600000000000000000e+01 1.000000000000000000e+00 5.500000000000000000e+01 3.767000000000000171e+01 -5.679999999999999716e+00 -7.640000000000000568e+01 1.150000000000000000e+02 7.500000000000000000e+00
2.005000000000000000e+03 1.100000000000000000e+01 1.700000000000000000e+01 1.900000000000000000e+01 2.600000000000000000e+01 5.449000000000000199e+01 -2.235999999999999943e+01 -6.789000000000000057e+01 1.470000000000000000e+02 6.799999999999999822e+00
2.005000000000000000e+03 1.200000000000000000e+01 2.300000000000000000e+01 2.100000000000000000e+01 4.700000000000000000e+01 2.800000000000000000e+01 -1.389999999999999902e+00 -7.751999999999999602e+01 1.929000000000000057e+02 6.099999999999999645e+00
2.005000000000000000e+03 1.200000000000000000e+01 3.000000000000000000e+01 1.800000000000000000e+01 2.600000000000000000e+01 4.389999999999999858e+01 7.530000000000000249e+00 -8.226999999999999602e+01 1.000000000000000000e+01 6.099999999999999645e+00
2.006000000000000000e+03 1.000000000000000000e+00 6.000000000000000000e+00 3.000000000000000000e+00 3.900000000000000000e+01 5.854999999999999716e+01 6.629999999999999893e+00 -8.234000000000000341e+01 7.400000000000000355e+00 6.099999999999999645e+00
2.006000000000000000e+03 1.000000000000000000e+00 2.300000000000000000e+01 2.000000000000000000e+01 5.000000000000000000e+01 4.497999999999999687e+01 6.860000000000000320e+00 -7.779000000000000625e+01 1.400000000000000000e+01 6.200000000000000178e+00
2.006000000000000000e+03 4.000000000000000000e+00 1.500000000000000000e+01 2.300000000000000000e+01 5.000000000000000000e+01 1.472000000000000064e+01 -2.976999999999999957e+01 -7.200000000000000000e+01 1.980000000000000071e+01 6.000000000000000000e+00
2.006000000000000000e+03 4.000000000000000000e+00 3.000000000000000000e+01 1.900000000000000000e+01 1.700000000000000000e+01 1.498000000000000043e+01 -2.701999999999999957e+01 -7.101999999999999602e+01 1.200000000000000000e+01 6.700000000000000178e+00
2.006000000000000000e+03 4.000000000000000000e+00 3.000000000000000000e+01 2.100000000000000000e+01 4.000000000000000000e+01 5.843999999999999773e+01 -2.721000000000000085e+01 -7.106000000000000227e+01 1.200000000000000000e+01 6.500000000000000000e+00
2.006000000000000000e+03 7.000000000000000000e+00 1.600000000000000000e+01 1.100000000000000000e+01 4.200000000000000000e+01 4.140999999999999659e+01 -2.871000000000000085e+01 -7.254000000000000625e+01 1.000000000000000000e+01 6.200000000000000178e+00
2.006000000000000000e+03 8.000000000000000000e+00 2.500000000000000000e+01 0.000000000000000000e+00 4.400000000000000000e+01 4.615999999999999659e+01 -2.439999999999999858e+01 -6.703000000000000114e+01 1.840000000000000000e+02 6.599999999999999645e+00
2.006000000000000000e+03 9.000000000000000000e+00 1.200000000000000000e+01 1.300000000000000000e+01 3.000000000000000000e+01 5.565999999999999659e+01 -2.894000000000000128e+01 -6.890000000000000568e+01 1.140000000000000000e+02 6.000000000000000000e+00
2.006000000000000000e+03 9.000000000000000000e+00 1.700000000000000000e+01 9.000000000000000000e+00 3.400000000000000000e+01 1.358000000000000007e+01 -3.173000000000000043e+01 -6.714000000000000057e+01 1.370000000000000000e+02 6.200000000000000178e+00
2.006000000000000000e+03 9.000000000000000000e+00 2.200000000000000000e+01 2.000000000000000000e+00 3.200000000000000000e+01 2.564000000000000057e+01 -2.687000000000000099e+01 -6.314999999999999858e+01 5.982999999999999545e+02 6.000000000000000000e+00
2.006000000000000000e+03 9.000000000000000000e+00 2.900000000000000000e+01 1.300000000000000000e+01 8.000000000000000000e+00 2.616000000000000014e+01 1.088000000000000078e+01 -6.175999999999999801e+01 5.300000000000000000e+01 6.099999999999999645e+00
2.006000000000000000e+03 9.000000000000000000e+00 3.000000000000000000e+01 1.600000000000000000e+01 2.600000000000000000e+01 5.611999999999999744e+01 -1.558999999999999986e+01 -7.315999999999999659e+01 1.070000000000000000e+02 6.000000000000000000e+00
2.006000000000000000e+03 1.000000000000000000e+01 1.200000000000000000e+01 1.800000000000000000e+01 5.000000000000000000e+00 5.657000000000000028e+01 -3.126000000000000156e+01 -7.137000000000000455e+01 3.100000000000000000e+01 6.400000000000000355e+00
2.006000000000000000e+03 1.000000000000000000e+01 2.000000000000000000e+01 1.000000000000000000e+01 4.800000000000000000e+01 5.600999999999999801e+01 -1.346000000000000085e+01 -7.668000000000000682e+01 2.300000000000000000e+01 6.700000000000000178e+00
2.006000000000000000e+03 1.000000000000000000e+01 2.600000000000000000e+01 2.200000000000000000e+01 5.400000000000000000e+01 3.232000000000000028e+01 -1.336999999999999922e+01 -7.662000000000000455e+01 2.810000000000000142e+01 6.000000000000000000e+00
2.006000000000000000e+03 1.100000000000000000e+01 1.300000000000000000e+01 1.000000000000000000e+00 2.600000000000000000e+01 3.586999999999999744e+01 -2.605000000000000071e+01 -6.328000000000000114e+01 5.720000000000000000e+02 6.799999999999999822e+00
2.007000000000000000e+03 2.000000000000000000e+00 2.400000000000000000e+01 2.000000000000000000e+00 3.600000000000000000e+01 2.364999999999999858e+01 -7.009999999999999787e+00 -8.048000000000000398e+01 2.300000000000000000e+01 6.299999999999999822e+00
2.007000000000000000e+03 3.000000000000000000e+00 1.700000000000000000e+01 2.200000000000000000e+01 4.300000000000000000e+01 9.619999999999999218e+00 4.549999999999999822e+00 -7.854000000000000625e+01 1.000000000000000000e+01 6.000000000000000000e+00
2.007000000000000000e+03 3.000000000000000000e+00 1.800000000000000000e+01 2.000000000000000000e+00 1.100000000000000000e+01 5.299999999999999822e+00 4.580000000000000071e+00 -7.848999999999999488e+01 7.000000000000000000e+00 6.200000000000000178e+00
2.007000000000000000e+03 4.000000000000000000e+00 2.000000000000000000e+00 2.000000000000000000e+00 4.900000000000000000e+01 3.589999999999999858e+01 -4.538000000000000256e+01 -7.306000000000000227e+01 4.900000000000000355e+00 6.099999999999999645e+00
2.007000000000000000e+03 4.000000000000000000e+00 2.100000000000000000e+01 1.700000000000000000e+01 5.300000000000000000e+01 4.631000000000000227e+01 -4.524000000000000199e+01 -7.265000000000000568e+01 3.670000000000000284e+01 6.200000000000000178e+00
2.007000000000000000e+03 5.000000000000000000e+00 7.000000000000000000e+00 1.100000000000000000e+01 1.500000000000000000e+01 1.623000000000000043e+01 -4.485000000000000142e+01 -8.045000000000000284e+01 1.000000000000000000e+01 6.099999999999999645e+00
2.007000000000000000e+03 7.000000000000000000e+00 1.200000000000000000e+01 5.000000000000000000e+00 2.300000000000000000e+01 4.934000000000000341e+01 -7.929999999999999716e+00 -7.437999999999999545e+01 1.520999999999999943e+02 6.099999999999999645e+00
2.007000000000000000e+03 7.000000000000000000e+00 2.100000000000000000e+01 1.300000000000000000e+01 2.700000000000000000e+01 4.410000000000000142e+00 -8.130000000000000782e+00 -7.126999999999999602e+01 6.448999999999999773e+02 6.099999999999999645e+00
2.007000000000000000e+03 7.000000000000000000e+00 2.100000000000000000e+01 1.500000000000000000e+01 3.400000000000000000e+01 5.260000000000000142e+01 -2.214999999999999858e+01 -6.578000000000000114e+01 2.895000000000000000e+02 6.400000000000000355e+00
2.007000000000000000e+03 8.000000000000000000e+00 1.500000000000000000e+01 2.300000000000000000e+01 4.000000000000000000e+01 5.789000000000000057e+01 -1.339000000000000057e+01 -7.659999999999999432e+01 3.900000000000000000e+01 8.000000000000000000e+00
2.007000000000000000e+03 8.000000000000000000e+00 1.600000000000000000e+01 5.000000000000000000e+00 1.600000000000000000e+01 5.614999999999999858e+01 -1.427999999999999936e+01 -7.612999999999999545e+01 2.339999999999999858e+01 6.299999999999999822e+00
2.007000000000000000e+03 8.000000000000000000e+00 1.600000000000000000e+01 1.100000000000000000e+01 3.500000000000000000e+01 3.032999999999999829e+01 -1.434999999999999964e+01 -7.612999999999999545e+01 3.500000000000000000e+01 6.000000000000000000e+00
2.007000000000000000e+03 8.000000000000000000e+00 1.800000000000000000e+01 2.000000000000000000e+00 5.200000000000000000e+01 3.539999999999999858e+01 -1.380000000000000071e+01 -7.629000000000000625e+01 3.000000000000000000e+01 6.000000000000000000e+00
2.007000000000000000e+03 8.000000000000000000e+00 2.000000000000000000e+01 2.200000000000000000e+01 4.200000000000000000e+01 2.917999999999999972e+01 8.039999999999999147e+00 -3.925000000000000000e+01 1.000000000000000000e+01 6.500000000000000000e+00
2.007000000000000000e+03 9.000000000000000000e+00 1.000000000000000000e+01 1.000000000000000000e+00 4.900000000000000000e+01 1.422000000000000064e+01 2.979999999999999982e+00 -7.796999999999999886e+01 3.100000000000000000e+01 6.799999999999999822e+00
2.007000000000000000e+03 1.100000000000000000e+01 1.400000000000000000e+01 1.500000000000000000e+01 4.000000000000000000e+01 5.053000000000000114e+01 -2.225000000000000000e+01 -6.989000000000000057e+01 4.000000000000000000e+01 7.700000000000000178e+00
2.007000000000000000e+03 1.100000000000000000e+01 1.500000000000000000e+01 1.500000000000000000e+01 3.000000000000000000e+00 8.750000000000000000e+00 -2.287000000000000099e+01 -7.040999999999999659e+01 2.700000000000000000e+01 6.099999999999999645e+00
2.007000000000000000e+03 1.100000000000000000e+01 1.500000000000000000e+01 1.500000000000000000e+01 5.000000000000000000e+00 5.835000000000000142e+01 -2.292999999999999972e+01 -7.023999999999999488e+01 2.600000000000000000e+01 6.799999999999999822e+00
2.007000000000000000e+03 1.100000000000000000e+01 1.600000000000000000e+01 3.000000000000000000e+00 1.300000000000000000e+01 1.199999999999999956e-01 -2.310000000000000053e+00 -7.784000000000000341e+01 1.229000000000000057e+02 6.799999999999999822e+00
2.007000000000000000e+03 1.100000000000000000e+01 1.800000000000000000e+01 5.000000000000000000e+00 4.000000000000000000e+01 1.203999999999999915e+01 -2.264000000000000057e+01 -6.631999999999999318e+01 2.464000000000000057e+02 6.000000000000000000e+00
2.007000000000000000e+03 1.100000000000000000e+01 2.000000000000000000e+01 1.700000000000000000e+01 5.500000000000000000e+01 5.452000000000000313e+01 -2.292000000000000171e+01 -7.048000000000000398e+01 3.500000000000000000e+01 6.099999999999999645e+00
2.007000000000000000e+03 1.200000000000000000e+01 1.300000000000000000e+01 5.000000000000000000e+00 2.000000000000000000e+01 2.296000000000000085e+01 -2.314000000000000057e+01 -7.046999999999999886e+01 2.160000000000000142e+01 6.000000000000000000e+00
2.007000000000000000e+03 1.200000000000000000e+01 1.300000000000000000e+01 7.000000000000000000e+00 2.300000000000000000e+01 4.039999999999999858e+01 -2.319999999999999929e+01 -7.054999999999999716e+01 1.900000000000000000e+01 6.200000000000000178e+00
2.007000000000000000e+03 1.200000000000000000e+01 1.600000000000000000e+01 8.000000000000000000e+00 9.000000000000000000e+00 1.792999999999999972e+01 -2.294999999999999929e+01 -7.018000000000000682e+01 4.500000000000000000e+01 6.700000000000000178e+00
