 0.00000000e+00 2.17260676e-01
 2.00000000e-01 5.63181630e-01
 4.00000000e-01 4.98736929e+00
 6.00000000e-01 4.25358582e+00
 8.00000000e-01 6.54415132e+00
 1.00000000e+00 8.79782274e+00
 1.20000000e+00 8.52486199e+00
 1.40000000e+00 8.04608846e+00
 1.60000000e+00 9.16058538e+00
 1.80000000e+00 8.61442235e+00
 2.00000000e+00 1.07150937e+01
 2.20000000e+00 8.37092262e+00
 2.40000000e+00 9.65713503e+00
 2.60000000e+00 8.63578141e+00
 2.80000000e+00 9.16075566e+00
 3.00000000e+00 7.40258337e+00
 3.20000000e+00 6.48205723e+00
 3.40000000e+00 5.94420884e+00
 3.60000000e+00 2.09352075e+00
 3.80000000e+00 2.58415868e+00
 4.00000000e+00 3.02075007e-01
 4.20000000e+00 -1.29542967e+00
 4.40000000e+00 -2.34935466e+00
 4.60000000e+00 -3.76061819e+00
 4.80000000e+00 -5.72747816e+00
 5.00000000e+00 -8.18774814e+00
 5.20000000e+00 -8.53242933e+00
 5.40000000e+00 -8.83698970e+00
 5.60000000e+00 -9.81164471e+00
 5.80000000e+00 -1.01901203e+01
 6.00000000e+00 -8.70786457e+00
 6.20000000e+00 -1.00216562e+01
 6.40000000e+00 -9.78136132e+00
 6.60000000e+00 -1.07440296e+01
 6.80000000e+00 -7.51199440e+00
 7.00000000e+00 -7.41057585e+00
 7.20000000e+00 -5.87675001e+00
 7.40000000e+00 -2.73563738e+00
 7.60000000e+00 -2.52589418e+00
 7.80000000e+00 2.78608264e-02
 8.00000000e+00 -1.95370555e+00
 8.20000000e+00 1.57420185e+00
 8.40000000e+00 3.51366175e+00
 8.60000000e+00 4.52304657e+00
 8.80000000e+00 5.53325437e+00
 9.00000000e+00 5.45629651e+00
 9.20000000e+00 8.71320783e+00
 9.40000000e+00 7.19636717e+00
 9.60000000e+00 8.57165022e+00
 9.80000000e+00 9.84424789e+00
 1.00000000e+01 9.88029783e+00
 1.02000000e+01 8.72622267e+00
 1.04000000e+01 9.41243465e+00
 1.06000000e+01 1.03225297e+01
 1.08000000e+01 6.77297635e+00
 1.10000000e+01 8.63451821e+00
 1.12000000e+01 8.74939156e+00
 1.14000000e+01 4.97300042e+00
 1.16000000e+01 4.64554050e+00
 1.18000000e+01 3.08403655e+00
 1.20000000e+01 -6.81633513e-03
 1.22000000e+01 -1.34378836e+00
 1.24000000e+01 -2.55936685e+00
 1.26000000e+01 -4.80135024e+00
 1.28000000e+01 -6.05180253e+00
 1.30000000e+01 -7.20270604e+00
 1.32000000e+01 -7.70047096e+00
 1.34000000e+01 -7.44514640e+00
 1.36000000e+01 -8.90905442e+00
 1.38000000e+01 -9.42560296e+00
 1.40000000e+01 -1.02178536e+01
 1.42000000e+01 -9.58309748e+00
 1.44000000e+01 -8.74884623e+00
 1.46000000e+01 -9.58916092e+00
 1.48000000e+01 -9.92302601e+00
 1.50000000e+01 -7.97229036e+00
 1.52000000e+01 -6.15610303e+00
 1.54000000e+01 -4.54006438e+00
 1.56000000e+01 -3.63434850e+00
 1.58000000e+01 -1.82524323e+00
 1.60000000e+01 -3.54759869e-01
 1.62000000e+01 2.37233058e-01
 1.64000000e+01 1.98812809e+00
 1.66000000e+01 2.51114325e+00
 1.68000000e+01 6.48015347e+00
 1.70000000e+01 6.96314403e+00
 1.72000000e+01 8.53718510e+00
 1.74000000e+01 9.50517490e+00
 1.76000000e+01 9.82351714e+00
 1.78000000e+01 1.04355749e+01
 1.80000000e+01 9.23461491e+00
 1.82000000e+01 8.21220482e+00
 1.84000000e+01 9.63575869e+00
 1.86000000e+01 8.33775392e+00
 1.88000000e+01 7.54838918e+00
 1.90000000e+01 6.85809131e+00
 1.92000000e+01 5.75700424e+00
 1.94000000e+01 4.35382804e+00
 1.96000000e+01 5.03973940e+00
 1.98000000e+01 7.18032059e-01
 2.00000000e+01 1.70204193e+00
 2.02000000e+01 -1.11519402e+00
 2.04000000e+01 -3.51625259e+00
 2.06000000e+01 -2.93468244e+00
 2.08000000e+01 -6.10739149e+00
 2.10000000e+01 -6.65860889e+00
 2.12000000e+01 -7.74303210e+00
 2.14000000e+01 -7.46491286e+00
 2.16000000e+01 -1.06548035e+01
 2.18000000e+01 -1.04703604e+01
 2.20000000e+01 -8.95806650e+00
 2.22000000e+01 -1.08321244e+01
 2.24000000e+01 -1.00181224e+01
 2.26000000e+01 -1.02629937e+01
 2.28000000e+01 -6.81940316e+00
 2.30000000e+01 -7.24403508e+00
 2.32000000e+01 -7.20105814e+00
 2.34000000e+01 -4.04034747e+00
 2.36000000e+01 -2.28342040e+00
 2.38000000e+01 -9.51075038e-01
 2.40000000e+01 1.30856422e+00
 2.42000000e+01 2.51774992e+00
 2.44000000e+01 3.40144673e+00
 2.46000000e+01 5.69946059e+00
 2.48000000e+01 5.56895094e+00
 2.50000000e+01 6.40073570e+00
 2.52000000e+01 8.10320887e+00
 2.54000000e+01 8.47031377e+00
 2.56000000e+01 1.01286507e+01
 2.58000000e+01 9.04757775e+00
 2.60000000e+01 9.28684258e+00
 2.62000000e+01 8.51744397e+00
 2.64000000e+01 8.45622700e+00
 2.66000000e+01 9.74792426e+00
 2.68000000e+01 9.02288177e+00
 2.70000000e+01 8.67662804e+00
 2.72000000e+01 5.44249928e+00
 2.74000000e+01 4.17149391e+00
 2.76000000e+01 4.30034897e+00
 2.78000000e+01 1.53883468e+00
 2.80000000e+01 5.05474383e-01
 2.82000000e+01 -2.45751222e+00
 2.84000000e+01 -3.17567425e+00
 2.86000000e+01 -4.60523582e+00
 2.88000000e+01 -8.73199632e+00
 2.90000000e+01 -6.19192646e+00
 2.92000000e+01 -7.60957328e+00
 2.94000000e+01 -9.53106031e+00
 2.96000000e+01 -8.97475876e+00
 2.98000000e+01 -8.39065894e+00
 3.00000000e+01 -1.06562006e+01
 3.02000000e+01 -1.20146680e+01
 3.04000000e+01 -9.51270786e+00
 3.06000000e+01 -9.50384597e+00
 3.08000000e+01 -8.89301621e+00
 3.10000000e+01 -7.08058152e+00
 3.12000000e+01 -5.45938030e+00
 3.14000000e+01 -5.93573949e+00
 3.16000000e+01 -2.79156993e+00
 3.18000000e+01 -8.99596854e-01
 3.20000000e+01 2.29329238e+00
