1	 2524.160000 	 35.886980 
2	 2510.810000 	 33.771138 
3	 2513.410000 	 34.183212 
4	 2420.160000 	 19.404015 
5	 2421.040000 	 19.543486 
6	 2403.160000 	 16.709684 
7	 2455.960000 	 25.077958 
8	 2395.400000 	 15.479801 
9	 2513.810000 	 34.246608 
10	 2517.250000 	 34.791814 
11	 2361.380000 	 10.087969 
12	 2401.920000 	 16.513156 
13	 2438.080000 	 22.244156 
14	 2489.690000 	 30.423828 
15	 2567.300000 	 42.724241 
16	 2418.100000 	 19.077525 
17	 2381.830000 	 13.329091 
18	 2434.730000 	 21.713215 
19	 2407.490000 	 17.395946 
20	 2421.610000 	 19.633825 
21	 2430.550000 	 21.050726 
22	 2470.510000 	 27.383989 
23	 2530.100000 	 36.828411 
24	 2537.240000 	 37.960030 
25	 2549.490000 	 39.901533 
26	 2513.780000 	 34.241853 
27	 2547.620000 	 39.605156 
28	 2570.500000 	 43.231409 
29	 2535.710000 	 37.717540 
30	 2531.950000 	 37.121617 
31	 2508.770000 	 33.447818 
32	 2487.920000 	 30.143300 
33	 2503.840000 	 32.666462 
34	 2421.270000 	 19.579939 
35	 2438.150000 	 22.255251 
36	 2472.980000 	 27.775459 
37	 2487.310000 	 30.046622 
38	 2511.820000 	 33.931213 
39	 2584.210000 	 45.404307 
40	 2509.440000 	 33.554006 
41	 2487.180000 	 30.026018 
42	 2419.310000 	 19.269298 
43	 2529.970000 	 36.807807 
44	 2474.800000 	 28.063911 
45	 2438.450000 	 22.302798 
46	 2493.740000 	 31.065713 
47	 2498.710000 	 31.853408 
48	 2448.930000 	 23.963773 
49	 2461.490000 	 25.954408 
50	 2539.890000 	 38.380028 
51	 2482.380000 	 29.265266 
52	 2493.310000 	 30.997562 
53	 2536.250000 	 37.803125 
55	 2536.010000 	 37.765087 
56	 2563.830000 	 42.174280 
57	 2526.020000 	 36.181771 
58	 2545.940000 	 39.338893 
59	 2593.400000 	 46.860831 
60	 2555.190000 	 40.804926 
61	 2570.890000 	 43.293220 
62	 2559.770000 	 41.530811 
63	 2582.140000 	 45.076233 
64	 2510.680000 	 33.750534 
65	 2556.050000 	 40.941228 
66	 2464.800000 	 26.479010 
67	 2495.540000 	 31.350995 
68	 2454.050000 	 24.775242 
69	 2476.930000 	 28.401495 
70	 2461.260000 	 25.917956 
71	 2385.700000 	 13.942447 
72	 2414.270000 	 18.470508 
73	 2414.700000 	 18.538659 
74	 2483.200000 	 29.395227 
75	 2430.290000 	 21.009519 
76	 2439.360000 	 22.447024 
77	 2497.280000 	 31.626767 
78	 2494.320000 	 31.157637 
79	 2525.150000 	 36.043885 
80	 2451.780000 	 24.415470 
81	 2488.330000 	 30.208281 
82	 2436.140000 	 21.936686 
83	 2413.360000 	 18.326282 
84	 2404.770000 	 16.964853 
85	 2459.510000 	 25.640598 
86	 2454.630000 	 24.867167 
87	 2490.960000 	 30.625110 
88	 2498.800000 	 31.867672 
89	 2498.470000 	 31.815370 
90	 2500.090000 	 32.072124 
91	 2499.520000 	 31.981785 
92	 2461.760000 	 25.997201 
93	 2452.130000 	 24.470942 
94	 2417.180000 	 18.931714 
95	 2437.680000 	 22.180760 
96	 2445.290000 	 23.386870 
97	 2420.870000 	 19.516543 
98	 2396.080000 	 15.587574 
99	 2388.690000 	 14.416333 
100	 2384.890000 	 13.814071 
101	 2441.470000 	 22.781438 
102	 2479.070000 	 28.740664 
103	 2386.010000 	 13.991579 
104	 2401.360000 	 16.424402 
105	 2354.820000 	 9.048275 
106	 2357.890000 	 9.534839 
107	 2358.440000 	 9.622009 
108	 2408.550000 	 17.563945 
109	 2407.880000 	 17.457757 
110	 2418.180000 	 19.090204 
111	 2435.950000 	 21.906573 
112	 2422.520000 	 19.778051 
113	 2431.220000 	 21.156915 
114	 2449.720000 	 24.088981 
115	 2429.330000 	 20.857368 
116	 2370.260000 	 11.495361 
117	 2427.470000 	 20.562577 
118	 2383.190000 	 13.544637 
119	 2457.770000 	 25.364825 
120	 2359.060000 	 9.720273 
121	 2394.270000 	 15.300707 
122	 2413.980000 	 18.424546 
123	 2423.920000 	 19.999937 
124	 2435.040000 	 21.762347 
125	 2424.420000 	 20.079182 
126	 2390.090000 	 14.638219 
127	 2399.570000 	 16.140704 
128	 2421.040000 	 19.543486 
129	 2377.830000 	 12.695131 
130	 2382.170000 	 13.382978 
131	 2377.890000 	 12.704640 
132	 2390.040000 	 14.630294 
133	 2415.380000 	 18.646432 
134	 2417.380000 	 18.963412 
135	 2404.980000 	 16.998136 
136	 2400.360000 	 16.265912 
137	 2457.830000 	 25.374335 
138	 2434.790000 	 21.722724 
139	 2478.330000 	 28.623381 
140	 2517.400000 	 34.815587 
141	 2556.340000 	 40.987190 
142	 2524.590000 	 35.955131 
143	 2465.370000 	 26.569350 
144	 2521.430000 	 35.454302 
145	 2397.710000 	 15.845913 
146	 2403.280000 	 16.728703 
147	 2442.700000 	 22.976380 
148	 2461.250000 	 25.916371 
149	 2452.570000 	 24.540677 
150	 2361.850000 	 10.162460 
151	 2373.730000 	 12.045322 
152	 2380.760000 	 13.159507 
153	 2387.810000 	 14.276861 
154	 2409.770000 	 17.757303 
155	 2397.170000 	 15.760328 
156	 2480.200000 	 28.919757 
157	 2456.780000 	 25.207920 
158	 2366.470000 	 10.894684 
159	 2372.280000 	 11.815511 
160	 2393.580000 	 15.191349 
161	 2417.850000 	 19.037903 
162	 2356.820000 	 9.365255 
163	 2377.410000 	 12.628565 
164	 2371.430000 	 11.680794 
165	 2350.880000 	 8.423824 
166	 2324.380000 	 4.223838 
167	 2380.050000 	 13.046979 
168	 2367.560000 	 11.067438 
169	 2363.640000 	 10.446157 
170	 2371.560000 	 11.701398 
171	 2423.500000 	 19.933371 
172	 2425.480000 	 20.247182 
173	 2424.760000 	 20.133069 
174	 2409.560000 	 17.724020 
175	 2412.230000 	 18.147189 
176	 2416.900000 	 18.887337 
177	 2428.360000 	 20.703633 
178	 2444.000000 	 23.182417 
179	 2402.900000 	 16.668476 
180	 2385.440000 	 13.901240 
181	 2413.510000 	 18.350056 
182	 2421.640000 	 19.638580 
183	 2447.410000 	 23.722869 
184	 2463.900000 	 26.336369 
185	 2419.190000 	 19.250279 
186	 2410.010000 	 17.795341 
189	 2475.240000 	 28.133647 
190	 2395.060000 	 15.425914 
191	 2419.330000 	 19.272468 
192	 2438.560000 	 22.320232 
193	 2500.050000 	 32.065785 
194	 2429.090000 	 20.819331 
195	 2478.070000 	 28.582173 
196	 2466.640000 	 26.770632 
197	 2453.100000 	 24.624677 
198	 2394.190000 	 15.288028 
199	 2413.900000 	 18.411867 
200	 2361.660000 	 10.132347 
201	 2396.160000 	 15.600253 
202	 2404.730000 	 16.958513 
203	 2475.150000 	 28.119383 
204	 2435.830000 	 21.887554 
205	 2382.980000 	 13.511355 
206	 2410.310000 	 17.842888 
207	 2384.530000 	 13.757014 
208	 2399.000000 	 16.050365 
209	 2419.610000 	 19.316845 
210	 2417.890000 	 19.044242 
211	 2453.170000 	 24.635771 
212	 2392.140000 	 14.963123 
213	 2447.310000 	 23.707019 
214	 2417.830000 	 19.034733 
215	 2409.700000 	 17.746209 
216	 2362.420000 	 10.252799 
217	 2417.880000 	 19.042657 
218	 2354.580000 	 9.010237 
219	 2353.910000 	 8.904049 
220	 2371.420000 	 11.679210 
221	 2355.000000 	 9.076803 
222	 2414.270000 	 18.470508 
223	 2398.750000 	 16.010743 
224	 2477.480000 	 28.488664 
225	 2344.260000 	 7.374620 
226	 2358.180000 	 9.580801 
227	 2386.080000 	 14.002674 
228	 2399.930000 	 16.197761 
229	 2421.770000 	 19.659184 
230	 2345.670000 	 7.598091 
231	 2375.800000 	 12.373396 
232	 2402.840000 	 16.658967 
233	 2452.490000 	 24.527998 
234	 2393.150000 	 15.123198 
235	 2375.510000 	 12.327434 
236	 2369.940000 	 11.444644 
237	 2391.240000 	 14.820482 
238	 2375.610000 	 12.343283 
239	 2422.480000 	 19.771712 
240	 2455.780000 	 25.049430 
241	 2393.230000 	 15.135878 
242	 2370.990000 	 11.611059 
243	 2391.260000 	 14.823652 
244	 2368.670000 	 11.243362 
245	 2370.310000 	 11.503286 
246	 2459.470000 	 25.634259 
247	 2395.070000 	 15.427499 
248	 2393.080000 	 15.112104 
249	 2386.370000 	 14.048636 
250	 2435.990000 	 21.912912 
251	 2442.580000 	 22.957362 
252	 2411.230000 	 17.988698 
253	 2412.830000 	 18.242283 
254	 2408.520000 	 17.559190 
255	 2446.470000 	 23.573888 
256	 2363.420000 	 10.411289 
257	 2347.240000 	 7.846920 
258	 2371.890000 	 11.753700 
259	 2400.090000 	 16.223119 
260	 2399.270000 	 16.093157 
261	 2398.270000 	 15.934667 
262	 2391.370000 	 14.841086 
263	 2402.000000 	 16.525835 
264	 2418.350000 	 19.117148 
266	 2434.880000 	 21.736988 
267	 2408.400000 	 17.540172 
268	 2388.550000 	 14.394144 
269	 2408.310000 	 17.525908 
270	 2401.740000 	 16.484628 
271	 2416.520000 	 18.827111 
272	 2465.680000 	 26.618482 
273	 2514.670000 	 34.382909 
274	 2411.240000 	 17.990283 
275	 2452.440000 	 24.520073 
276	 2409.880000 	 17.774737 
277	 2410.640000 	 17.895189 
278	 2386.580000 	 14.081919 
279	 2358.120000 	 9.571292 
280	 2386.250000 	 14.029617 
281	 2377.060000 	 12.573093 
282	 2384.400000 	 13.736410 
283	 2427.000000 	 20.488087 
284	 2409.080000 	 17.647945 
285	 2431.190000 	 21.152160 
286	 2504.900000 	 32.834462 
287	 2512.520000 	 34.042156 
288	 2506.200000 	 33.040499 
289	 2497.630000 	 31.682239 
290	 2389.300000 	 14.513012 
291	 2402.730000 	 16.641533 
292	 2403.730000 	 16.800023 
300	 2508.590000 	 33.419290 
301	 2411.480000 	 18.028321 
302	 2431.930000 	 21.269443 
303	 2395.880000 	 15.555876 
304	 2390.090000 	 14.638219 
305	 2404.930000 	 16.990211 
306	 2374.280000 	 12.132491 
307	 2470.520000 	 27.385574 
308	 2466.390000 	 26.731010 
309	 2449.680000 	 24.082641 
310	 2452.380000 	 24.510564 
311	 2380.590000 	 13.132563 
312	 2401.910000 	 16.511571 
313	 2511.110000 	 33.818685 
314	 2429.860000 	 20.941368 
315	 2473.200000 	 27.810327 
316	 2477.910000 	 28.556815 
317	 2471.070000 	 27.472743 
318	 2416.650000 	 18.847715 
319	 2411.370000 	 18.010887 
320	 2408.840000 	 17.609907 
321	 2371.770000 	 11.734681 
322	 2360.750000 	 9.988121 
323	 2446.910000 	 23.643623 
324	 2476.050000 	 28.262024 
325	 2509.290000 	 33.530233 
326	 2404.720000 	 16.956928 
327	 2435.700000 	 21.866950 
328	 2415.500000 	 18.665451 
329	 2466.700000 	 26.780142 
330	 2494.350000 	 31.162391 
331	 2503.850000 	 32.668047 
332	 2486.940000 	 29.987980 
333	 2601.680000 	 48.173129 
334	 2560.120000 	 41.586282 
335	 2567.920000 	 42.822505 
336	 2471.740000 	 27.578931 
337	 2415.320000 	 18.636923 
338	 2394.490000 	 15.335575 
339	 2437.180000 	 22.101515 
340	 2418.550000 	 19.148846 
341	 2439.210000 	 22.423250 
342	 2478.270000 	 28.613871 
343	 2492.880000 	 30.929411 
344	 2497.850000 	 31.717107 
345	 2514.730000 	 34.392419 
346	 2495.720000 	 31.379523 
347	 2392.480000 	 15.017010 
348	 2451.680000 	 24.399621 
349	 2517.970000 	 34.905926 
350	 2433.720000 	 21.553140 
351	 2424.990000 	 20.169522 
352	 2444.700000 	 23.293360 
353	 2490.890000 	 30.614016 
354	 2464.660000 	 26.456822 
355	 2481.600000 	 29.141643 
356	 2535.940000 	 37.753993 
357	 2385.160000 	 13.856863 
358	 2504.600000 	 32.786915 
359	 2420.840000 	 19.511788 
360	 2481.070000 	 29.057644 
361	 2404.180000 	 16.871344 
362	 2514.680000 	 34.384494 
