1   34.30
2   33.91
3   34.80
4   12.18
5   16.16
6   16.95
7   27.97
8   17.15
9   41.73
10  40.13
11  9.71
12  12.10
13  19.94
14  30.72
15  43.90
16  21.06
17  11.57
18  20.33
19  15.51
20  17.76
21  18.83
22  26.05
23  35.71
24  35.78
25  39.91
26  32.11
27  41.18
28  48.09
29  40.18
30  40.68
32  29.51
34  19.27
35  24.53
36  27.36
37  28.37
38  31.83
39  47.79
40  39.43
41  30.10
42  14.38
43  31.93
45  22.62
46  34.90
47  32.62
48  23.76
49  26.61
50  38.26
51  29.02
53  35.63
54  40.87
55  37.67
56  41.57
57  40.68
62  44.85
63  46.26
64  38.46
65  44.72
66  31.50
67  31.87
68  22.54
69  27.82
70  22.35
71  12.39
72  15.57
73  16.12
74  26.41
76  19.53
77  29.72
78  28.01
79  35.07
80  21.98
81  25.24
82  16.36
83  13.91
84  15.57
85  24.61
86  24.02
87  29.11
88  29.38
89  26.41
90  28.51
92  24.23
93  21.09
94  17.05
95  20.86
96  23.25
97  18.64
98  15.43
99  13.45
100 10.76
101 22.29
102 33.49
103 12.25
104 14.89
105 5.47
106 5.58
107 7.83
108 15.11
109 15.31
110 15.71
111 18.63
112 18.49
113 17.57
114 23.85
115 18.33
116 11.73
117 17.33
118 14.41
119 25.10
120 7.04
122 13.47
123 15.02
124 16.09
125 13.41
126 11.66
127 14.25
128 14.94
129 8.74
130 9.03
131 8.20
132 8.00
133 13.62
134 14.94
135 14.82
136 14.29
137 24.08
138 20.37
139 29.80
140 34.27
141 40.21
142 40.91
143 24.57
144 38.57
145 14.04
146 13.40
147 19.77
148 24.34
149 20.45
150 6.01
151 5.39
214 17.71
215 16.07
216 6.17
217 18.66
218 5.56
219 5.68
220 7.79
221 3.68
222 13.10
223 12.31
224 32.09
225 4.60
226 5.64
227 9.08
228 12.97
229 22.83
230 6.34
231 6.62
232 11.75
233 21.23
234 11.05
235 6.69
236 6.31
237 11.37
238 8.40
239 16.23
240 26.77
241 13.91
242 9.38
243 10.64
275 23.45
276 18.28
277 12.99
278 11.42
279 7.06
280 10.53
281 6.99
282 8.79
283 14.96
284 15.57
285 18.24
286 30.93
288 29.05
289 22.77
290 8.12
291 10.77
292 10.91
293 14.30
294 13.39
295 36.68
296 5.19
297 15.08
298 12.63
299 20.45
300 29.18
301 12.83
303 15.77
304 11.21
306 10.36
307 22.69
308 25.67
309 23.92
310 24.65
311 13.39
312 15.31
313 33.60
314 15.83
316 22.83
317 22.82
318 16.27
319 16.12
320 15.32
321 6.44
322 6.88
323 20.07
324 23.30
325 29.80
326 13.23
327 19.64
328 18.36
329 26.48
330 30.91
331 31.86
332 29.24
333 47.74
334 40.31
336 24.09
337 14.64
338 12.41
339 19.72
340 16.36
341 19.36
342 26.25
343 30.05
345 30.28
346 27.24
347 14.17
348 23.39
349 36.29
350 20.49
351 19.70
352 21.90
353 31.54
354 28.35
355 30.71
356 37.82
357 11.61
358 28.92
359 20.20
360 28.41
361 17.32
362 31.76
363 22.62
364 13.35
365 14.83
